time,altitude,velocity,engine_temp,fuel_pressure,vibration,is_anomaly,iso_prediction,iso_raw_score
0.0,0.0,0.4967141530112327,294.42959320883455,4769.530640614135,0.1609325730766268,1,1,-1
0.1000166694449074,0.0025008335417129,-0.0882559664487309,296.8553474982555,4902.051886091184,-0.3906814371706778,0,1,-1
0.2000333388898149,0.0100033341668518,0.7477052075456,295.3097024160178,4975.615312370725,0.3457010033382759,0,1,-1
0.3000500083347224,0.0225075018754167,1.6730548605753863,297.29002590712776,4985.929391779896,-0.2951275467648256,0,1,-1
0.4000666777796299,0.0400133366674075,-0.0341200358335209,298.969255114222,4984.818347045785,0.3747765151228983,0,1,-1
0.5000833472245374,0.0625208385428243,0.0159047166630881,304.2357807663794,4989.061428944908,-0.1370552687740076,0,1,-1
0.6001000166694449,0.090030007501667,1.8792628238421136,298.45421480813843,5006.575517432962,-0.8604631163981662,0,1,-1
0.7001166861143524,0.1225408435439356,1.117493072210085,292.1418831347635,4970.303240527955,-0.4911734307785262,0,1,-1
0.8001333555592599,0.1600533466696302,-0.0694077081553221,305.78035256803173,4949.693967599029,-0.2152093925128637,0,1,-1
0.9001500250041674,0.2025675168787508,0.9926350560880484,295.90456433442523,4943.743864341518,0.6841251462806159,0,1,-1
1.0001666944490748,0.2500833541712972,0.0366656544120751,299.8064145339218,4929.577169439255,0.4505728973249726,0,1,-1
1.1001833638939824,0.3026008585472697,0.0843619283767343,302.3427008710929,4995.562929280681,0.8119332013838638,0,1,-1
1.2002000333388898,0.360120030006668,0.842062288235479,301.11807209534777,4919.895315630318,0.8268434132700775,0,1,-1
1.3002167027837974,0.4226408685494924,-1.2631718932658993,305.6009194078858,4990.599442073181,-0.2674104725481882,0,1,-1
1.4002333722287048,0.4901633741757426,-1.0248011463986804,302.53503905418665,4945.253155697419,-0.0942722030151422,0,1,-1
1.5002500416736124,0.562687546885419,0.1878374915958335,295.84347710568187,4914.285941612541,-0.2056343793833394,0,1,-1
1.6002667111185198,0.640213386678521,-0.2126977647751639,311.0528375410701,4967.317685991006,-0.3357615067257511,0,1,-1
1.7002833805634272,0.722740893555049,1.1643890228769875,301.1416956547475,4896.076432563913,-0.9207111302113432,0,1,-1
1.8003000500083348,0.8102700675150032,-0.0078740505170434,299.4433288718933,4960.41329225288,-0.0073740908992472,0,1,-1
1.9003167194532424,0.9028009085583832,-0.4621453416086704,305.0096587872232,4935.198512986922,-0.6427961200649609,0,1,-1
2.0003333888981496,1.000333416685189,2.465815463370629,301.44728806854016,4890.807241954416,-0.0170044332031025,0,1,-1
2.100350058343057,1.102867591895421,0.824398728684993,302.2061759705309,4943.119636906608,1.0579106478801603,0,1,-1
2.200366727787965,1.210403434189079,1.1677115685819062,312.6809566657822,4940.084949884758,-0.2546362147068759,0,1,-1
2.3003833972328724,1.3229409435661628,-0.2745564875970205,298.8544311984481,4966.702156563249,0.0973790176190813,0,1,-1
2.40040006667778,1.440480120026672,0.6558173088137071,298.6512355365808,4953.207382262041,0.4533441163657978,0,1,-1
2.5004167361226872,1.563020963570608,1.3611309577712096,300.83293423367456,4925.540728229545,0.1401883818006386,0,1,-1
2.600433405567595,1.6905634741979698,0.1492231253614946,305.6176230184619,4840.677612855713,0.146246521066371,0,1,-1
2.700450075012502,1.823107651908757,1.725923055851923,292.73737485654925,5015.569778209492,-0.1811460978094316,0,1,-1
2.8004667444574096,1.9606534967029705,0.7995946823098998,290.4522672170632,4819.046019286009,-0.115914532305461,0,1,-1
2.900483413902317,2.1032010085806103,1.1585479571578818,297.3544719882895,4932.77951974116,-0.4799692281831133,0,1,-1
3.000500083347225,2.250750187541676,0.8985434294442155,292.1304352130383,4902.973210703903,0.4230501133695526,0,1,-1
3.100516752792132,2.403301033586166,3.402536560905004,298.185894937651,4818.797685211643,-0.8706283593850064,0,1,-1
3.20053342223704,2.560853546714084,1.586769486380586,302.8325518228702,4867.38866351192,0.4855945165654463,0,1,-1
3.3005500916819472,2.723407726925428,0.5925641168850733,295.87631069140684,4865.768092910263,-0.7018312437031252,0,1,-1
3.4005667611268544,2.890963574220196,2.5228282926666163,293.205923792206,4931.090017430639,0.4813872504658734,0,1,-1
3.500583430571762,3.0635210885983915,0.5294480653148588,300.69674415163394,4826.25359620115,-0.1768927734990138,0,1,-1
3.6006001000166696,3.2410802700600128,2.00916364501309,304.6727774330776,4844.933263134876,-0.6158693272540313,0,1,-1
3.700616769461577,3.42364111860506,-0.1093617391489869,291.89519448436306,4737.341515622297,0.2896461171243069,0,1,-1
3.800633438906485,3.611203634233533,0.5721306705548117,304.48122533542056,4937.000725635578,0.4644010807230594,0,1,-1
3.900650108351392,3.803767816945432,2.14718629004482,304.4765960295268,4792.859869137637,-0.2189693929408189,0,1,-1
4.000666777796299,4.001333666740756,2.7387999688935603,305.1704921885628,4811.551609937954,0.3603969611250631,1,1,-1
4.100683447241207,4.203901183619507,2.221710004810574,306.5024694190825,4833.563586098293,-1.1424696377175785,0,1,-1
4.200700116686114,4.411470367581684,1.984701775954817,311.4301396349667,4829.863925270513,-0.6602339927622534,0,1,-1
4.300716786131022,4.624041218627287,1.8492546974762225,298.64961143551784,4871.390164159301,0.6462638633507104,0,1,-1
4.40073345557593,4.841613736756316,0.7218447374205375,300.9879312459469,4910.596372042152,-0.1118126399306406,0,1,-1
4.500750125020837,5.06418792196877,1.53053085411571,298.367882846262,4835.747206966751,-0.931058227461752,0,1,-1
4.600766794465745,5.291763774264651,1.839744626273085,300.4699609032256,4852.06878665364,-0.3493740237432551,0,1,-1
4.700783463910652,5.524341293643956,3.407513958174241,308.1344451245726,4831.904910300997,-0.4615825683621893,0,1,-1
4.800800133355559,5.761920480106689,2.744018356246241,293.7550075936822,4862.48543527604,-0.0828889819871769,0,1,-1
4.900816802800467,6.004501333652848,0.6873682460374995,296.1848333194522,4784.614656176627,-0.1853545791011241,0,1,-1
5.0008334722453744,6.252083854282432,2.8245007055174822,307.3859880297473,4857.684691935979,0.0895607973370151,0,1,-1
5.100850141690282,6.504668041995442,2.1653427904288245,305.6102675486795,4855.597922092704,-0.034662443746901,0,1,-1
5.20086681113519,6.762253896791879,1.923511405261636,298.70442844702814,4850.360616910765,0.6799316248343777,0,1,-1
5.300883480580097,7.024841418671742,3.2621180291309164,304.8020983536616,4759.390281389309,0.2123861903117846,0,1,-1
5.400900150025004,7.292430607635028,3.731449597508453,302.24616922746264,4780.147769481095,0.2289666074851714,0,1,-1
5.500916819469912,7.565021463681742,3.681738528851154,308.0514647269519,4796.708042772155,0.5827073245907903,0,1,-1
5.600933488914819,7.842613986811882,1.961249221234771,300.93264131802533,4712.365696483226,-0.1943210503631008,0,1,-1
5.700950158359727,8.12520817702545,2.541262703328649,305.6982555851989,4856.829975321858,-0.6308544250888725,0,1,-1
5.8009668278046345,8.412804034322441,3.231746845305881,313.7901562352436,4772.649362788596,0.6035958550464534,0,1,-1
5.900983497249542,8.705401558702858,3.92603687574713,303.58059412496226,4783.641864297241,0.0680597418598192,0,1,-1
6.00100016669445,9.003000750166704,2.5213258455019347,300.84674084564364,4736.780581846948,0.0697591617463307,0,1,-1
6.101016836139356,9.305601608713973,2.864849441405861,304.22233660971887,4695.475310802058,-0.3165684911980459,0,1,-1
6.201033505584264,9.613204134344668,1.994181778786104,298.79369905953905,4727.809128014324,-0.3083631795556645,0,1,-1
6.301050175029172,9.925808327058787,1.954318463433915,312.56994354512653,4765.165311329653,0.4234242500935135,0,1,-1
6.401066844474079,10.243414186856336,4.013059244631238,301.5404618729273,4784.07406595148,0.4924704174535864,0,1,-1
6.501083513918987,10.56602171373731,4.606781785530316,299.28544175026434,4754.6927669812685,0.3920798564297886,0,1,-1
6.601100183363895,10.893630907701713,3.2285399701016133,296.4816649932362,4760.1429942396335,0.3965913691693653,0,1,-1
6.701116852808802,11.226241768749537,4.354091324296425,306.15621264331304,4722.162114578431,0.2846718550408178,0,1,-1
6.801133522253709,11.563854296880784,3.762202786174488,305.01605041636407,4760.035535489737,0.0658934328184164,0,1,-1
6.901150191698616,11.906468492095463,2.805455341244184,298.2033431620994,4805.577455915111,-0.0875956327699215,0,1,-1
7.001166861143524,12.254084354393566,3.861979036080176,303.5823734117265,4762.891019264822,0.605298122734456,0,1,-1
7.101183530588432,12.606701883775097,5.0886283317601855,293.16733851199456,4764.347402808546,-0.1866705199874167,0,1,-1
7.201200200033339,12.964321080240053,3.5647740609067182,301.6449728953691,4734.792913899427,0.1851136054880051,0,1,-1
7.301216869478247,13.326941943788434,5.21525209055313,302.9939034473313,4641.159147858618,-0.4018107191622308,0,1,-1
7.401233538923154,13.69456447442024,1.0808716653718329,309.27677240168845,4660.311401660914,-0.329616023110281,0,1,-1
7.501250208368061,14.06718867213547,4.572527608559255,296.8960310071934,4731.51936211393,-0.1179106443765342,0,1,-1
7.601266877812969,14.44481453693413,3.887680507144656,294.36836354376965,4704.462477992311,-0.4018319210631032,0,1,-1
7.701283547257876,14.827442068816216,3.5516344231630708,296.2929885501006,4723.238445633717,0.3990493790659253,0,1,-1
7.801300216702784,15.215071267781726,3.9924108848868944,294.0972875200957,4781.307352723015,-0.6738754760233511,0,1,-1
7.901316886147692,15.607702133830664,1.963089528472953,307.4734184774097,4730.030869706713,0.0496782013943776,0,1,-1
8.001333555592598,16.005334666963023,3.7809948899587873,308.5433298306794,4752.919272935166,0.0663868913727921,0,1,-1
8.101350225037507,16.407968867178816,4.4077876840305,302.4112179122479,4690.957927609255,-0.9052403705881008,0,1,-1
8.201366894482414,16.81560473447803,5.578577491982723,306.926611417874,4642.114969932597,-0.2202989593838413,0,1,-1
8.301383563927322,17.228242268860672,3.6324215636900137,301.49993025929393,4675.837339301022,0.1279765171226681,0,1,-1
8.401400233372229,17.645881470326735,3.3922065137929267,300.3645817848334,4634.750945416856,0.2144810528826788,0,1,-1
8.501416902817137,18.06852233887623,3.748951407824032,299.18495359501287,4749.164165772912,-0.1020220823930229,0,1,-1
8.601433572262044,18.496164874509148,5.216118903833096,299.3081884003384,4690.319755018381,0.3386399224133511,1,1,-1
8.70145024170695,18.928809077225488,4.67947623051316,293.1311372426255,4689.805775826447,-0.0544867476314753,0,1,-1
8.80146691115186,19.366454947025264,3.870973251808891,302.20142050915183,4721.847157553778,0.0069630278193101,0,1,-1
8.901483580596766,19.80910248390845,4.964009223411739,300.68847880698945,4555.320006590103,0.1260111377355616,0,1,-1
9.001500250041675,20.25675168787508,4.597827674368878,304.62695364539354,4682.0055357976535,0.4636675717408531,0,1,-1
9.10151691948658,20.709402558925127,5.51940345027618,301.3777691741417,4583.34513858565,-0.3376488820030074,0,1,-1
9.20153358893149,21.167055097058604,3.898713700588393,300.1066348510477,4644.796408721652,-0.2432732091080756,0,1,-1
9.301550258376396,21.6297093022755,4.32311298259043,296.57418987579945,4625.8585537589015,-0.3342925001354871,0,1,-1
9.401566927821303,22.097365174575824,4.308675310778494,301.3009228768909,4670.8184752391335,-0.1659437359831782,0,1,-1
9.501583597266212,22.57002271395958,3.2872768505009877,304.64134451380744,4645.431689472398,0.7132300140354553,0,1,-1
9.601600266711118,23.047681920426754,5.096920410420135,295.2434650712518,4697.571830858289,0.2865529570929376,0,1,-1
9.701616936156029,23.530342793977365,5.111863740257903,301.4075304620193,4596.517725674848,-0.5653538857769548,0,1,-1
9.801633605600934,24.01800533461139,4.905930259442928,302.14537811820753,4658.36787676639,-0.3000419215441747,0,1,-1
9.901650275045842,24.51066954232885,4.716238004147774,297.3998411094133,4627.325851343321,0.1865566327195732,0,1,-1
10.001666944490747,25.00833541712973,3.58546273019496,298.0608851699091,4533.755667491693,-0.4531290527103918,0,1,-1
10.101683613935656,25.511002959014032,4.630196484202469,302.16322260522463,4565.897803483975,-0.3625008294434733,0,1,-1
10.201700283380564,26.01867216798177,4.758135625163512,295.35306493687494,4600.646122703456,0.6726547284661369,0,1,-1
10.30171695282547,26.531343044032926,4.348581207191117,302.7797902715295,4660.068995036676,-0.3065309665481922,0,1,-1
10.40173362227038,27.04901558716752,5.0395810994691805,296.56340149393105,4623.9578214159565,0.47752106811205,0,1,-1
10.501750291715286,27.571689797385524,5.654926002672181,306.36444349433765,4538.7168688158445,0.627878219508311,0,1,-1
10.601766961160196,28.099365674686968,7.187069381790628,312.7493154230575,4586.399283199239,-0.366435682592951,0,1,-1
10.7017836306051,28.632043219071825,5.52546962813439,296.7663943545514,4690.631542398956,-0.4447708694187085,0,1,-1
10.801800300050008,29.169722430540112,5.6584505407477685,303.7512193418784,4591.631450472983,-0.1378492483432606,0,1,-1
10.901816969494917,29.712403309091837,5.376462568981291,297.4564721725394,4566.0360048127,-0.5441105248633834,0,1,-1
11.001833638939823,30.260085854726967,3.5821456041708704,306.3049542328829,4603.324199154952,0.0606416423525321,0,1,-1
11.101850308384732,30.81277006744554,5.524411278743149,294.7838929854124,4613.244736016078,-0.1026155976125395,0,1,-1
11.201866977829638,31.370455947247528,5.661163698855845,303.52312048992155,4548.607458607283,0.1805069338572944,0,1,-1
11.301883647274549,31.933143494132956,8.11418393612256,296.7652435302807,4592.888335325961,0.6988196178017279,0,1,-1
11.401900316719454,32.5008327081018,5.508589193578604,300.10526708618005,4547.661766740948,0.408952093575214,0,1,-1
11.50191698616436,33.073523589154064,6.052505835415793,295.9950653228799,4596.422188635131,0.2448560182542074,0,1,-1
11.601933655609267,33.651216137289765,5.766255058099391,305.2719457200397,4565.292953076407,-0.9828021833501874,0,1,-1
11.701950325054176,34.23391035250888,4.682297124907556,296.9852932603075,4348.785888904124,0.2218594976729997,1,1,-1
11.801966994499084,34.82160623481143,7.043806311764563,303.9400179961091,4511.562840793995,0.8616014140966013,0,1,-1
11.90198366394399,35.41430378419741,6.70292486465877,299.46970822508274,4504.818930524299,-1.5049918313771826,0,1,-1
12.0020003333889,36.012003000666816,6.792032113737497,300.62783817434456,4589.52225692195,0.3449653969299721,0,1,-1
12.102017002833806,36.61470388421964,5.141621046622165,301.94898123728404,4534.644622588486,-0.0794869252388768,0,1,-1
12.202033672278713,37.22240643485589,7.503811147075456,297.41108000893365,4549.236134413384,-0.4245846225629911,0,1,-1
12.30205034172362,37.835110652575565,4.74917410806953,302.2820406018768,4516.0374849626205,0.4007387857821922,0,1,-1
12.402067011168528,38.452816537378666,6.787890599384534,308.8918795228889,4572.66935506189,0.8551268566190877,0,1,-1
12.502083680613437,39.0755240892652,8.441497466116697,297.35973443889776,4493.721176119429,0.3879827276127707,0,1,-1
12.602100350058343,39.70323330823516,5.310513849898483,307.11926075137507,4513.713168282584,-0.185395743195683,0,1,-1
12.702117019503252,40.335944194288544,5.784760780148854,308.7606998693892,4556.177320149935,-0.4715119869541133,0,1,-1
12.80213368894816,40.97365674742535,6.500718209561721,297.1994384237546,4571.913405475854,0.0725727048845428,0,1,-1
12.902150358393063,41.61637096764557,5.947599525080333,294.01494201038656,4483.467286422005,0.4368155684265185,0,1,-1
13.002167027837974,42.26408685494924,4.950420082852855,302.81002120364263,4604.032567668648,-0.1933429291820848,0,1,-1
13.10218369728288,42.91680440933632,6.619654823447467,298.5731807558939,4518.10645568569,-0.1449264297067893,0,1,-1
13.202200366727787,43.57452363080685,5.53879646963779,310.6632361324878,4446.69684286604,1.411211170631222,0,1,-1
13.302217036172696,44.23724451936077,7.12470094872153,301.50425940611643,4513.697623561274,0.5396179384536746,0,1,-1
13.402233705617604,44.90496707499815,5.781692618574999,297.3292263303859,4472.499703499093,0.5752871147859627,0,1,-1
13.502250375062513,45.57769129771893,8.301059592548794,295.6144274824477,4509.760607288313,-0.7297840058993467,0,1,-1
13.602267044507418,46.255417187523136,6.017880229917472,306.80975149990485,4482.324762566467,-0.3533599330734245,0,1,-1
13.702283713952326,46.93814474441079,6.529080340770488,298.5143085009743,4484.594522495647,0.0376011756248884,0,1,-1
13.802300383397233,47.62587396838185,7.714667409068286,301.59937403564186,4431.717300913538,-0.5002439944405992,0,1,-1
13.90231705284214,48.31860485943635,5.720294209987116,306.1692454308466,4523.219029460979,0.8004184379662985,0,1,-1
14.002333722287048,49.01633741757426,7.228626795747654,298.97894161257454,4412.331461882927,0.705453789477327,0,1,-1
14.102350391731957,49.71907164279562,8.358317950148406,301.1805908954724,4411.12430962778,-0.2664103012947024,0,1,-1
14.202367061176863,50.42680753510038,5.493700296027204,301.33739465700506,4481.358155566248,0.8921681968015421,0,1,-1
14.30238373062177,51.139545094488575,7.33582572384319,304.84686093064266,4539.562791444798,-0.0018225137196153,0,1,-1
14.40240040006668,51.85728432096021,7.461082994281763,304.3939617175583,4438.22422019061,1.2950053490920734,0,1,-1
14.502417069511583,52.58002521451525,8.033031406533103,300.349673050677,4487.338639834411,0.0726862030625528,0,1,-1
14.602433738956494,53.307767775153735,6.064266158600165,301.77848868137824,4502.396031613599,0.2883330923499039,0,1,-1
14.7024504084014,54.04051200287563,6.030768591116424,299.61134998322274,4485.90509184236,0.7001867682909033,0,1,-1
14.802467077846307,54.77825789768096,7.923175104540052,294.09218467318743,4426.055148584256,0.6391534278627997,0,1,-1
14.902483747291216,55.52100545956971,7.748226546878794,302.77825266171976,4383.510763830414,0.255692730691566,0,1,-1
15.002500416736122,56.26875468854188,7.751743058713938,310.96120884583894,4324.136099361287,-0.0702432613389108,0,1,-1
15.102517086181033,57.02150558459749,7.897706752587491,297.0916560051628,4417.824669661514,0.2574016305526652,0,1,-1
15.202533755625938,57.77925814773652,6.921242156234478,297.6551048275491,4321.672367213081,-0.4078110874777346,1,1,-1
15.302550425070846,58.54201237795898,7.883528909696427,297.1766161842884,4367.673337400252,0.076401321594968,0,1,-1
15.402567094515751,59.30976827526486,7.994356020556558,305.1632156030672,4455.353849492271,-0.5543128825152063,0,1,-1
15.50258376396066,60.082525839654174,7.036940463953963,303.7926856473783,4369.300281054864,-0.8901536068945184,0,1,-1
15.602600433405568,60.8602850711269,9.66707472784754,300.76757158125827,4418.578914517625,0.0256581853395957,0,1,-1
15.702617102850477,61.64304596968306,8.325141472337025,296.9801664020902,4445.135069984927,0.6314993291183815,0,1,-1
15.802633772295383,62.430808535322655,6.710013388945043,302.04214733542915,4373.243744192394,0.4631721201328759,0,1,-1
15.90265044174029,63.22357276804566,8.607878829503974,293.767154407495,4411.218597746529,-0.0405786946179865,0,1,-1
16.002667111185197,64.02133866785209,7.026651885365277,302.317399545406,4378.418463216804,0.8737815072644078,0,1,-1
16.102683780630105,64.82410623474196,8.838426494057504,305.96789030850266,4430.91194575098,-0.2841390447398548,0,1,-1
16.202700450075014,65.63187546871526,9.25994580404491,295.3642743618391,4403.904668136316,-0.9584980628975164,0,1,-1
16.302717119519922,66.44464636977199,7.33067624140825,293.9676803278037,4391.451302247773,-1.0907473969486274,0,1,-1
16.402733788964827,67.26241893791212,9.164743023726736,309.5374628373708,4463.033335004847,-0.5901832893559391,0,1,-1
16.502750458409736,68.08519317313569,8.664156156141367,298.59147684831805,4414.723869997612,0.4086932672505369,0,1,-1
16.602767127854644,68.91296907544269,9.123443723921811,307.3400159425046,4343.586500618937,-0.316991787625564,0,1,-1
16.70278379729955,69.74574664483309,10.248184881303722,300.9002900537408,4370.309232852418,0.2309634455456534,0,1,-1
16.802800466744458,70.58352588130694,8.15601211736936,300.8705059619678,4367.308623284563,0.8234920424966155,0,1,-1
16.902817136189366,71.42630678486422,7.697672403737194,303.8823452111022,4371.62347425521,-0.5497246637074997,0,1,-1
17.002833805634275,72.27408935550493,7.6119024731916145,297.2802890968312,4490.339688740663,0.2395688233123099,0,1,-1
17.10285047507918,73.12687359322904,7.735614952574151,302.3727707649861,4379.166342796675,0.2698075144050043,0,1,-1
17.202867144524088,73.98465949803659,8.52433186284794,299.812839640332,4255.34093463657,-0.4299966238635355,0,1,-1
17.302883813968997,74.84744706992757,8.992593881801142,295.12782116437177,4326.511219033627,0.6775067487214901,0,1,-1
17.4029004834139,75.71523630890195,8.97814104103697,303.4277004219734,4253.55045498826,-0.1434531498294219,0,1,-1
17.50291715285881,76.5880272149598,9.578641825465429,300.4337526808963,4244.244896718492,-0.1914375210052413,1,1,-1
17.60293382230372,77.46581978810106,8.814468803029767,300.97516924000684,4243.847684246211,1.0561967727721553,0,1,-1
17.702950491748627,78.34861402832574,10.30500932303163,295.7194903321041,4296.159912351783,0.2618714340693475,0,1,-1
17.802967161193532,79.23640993563382,8.63682674735881,309.7372985549334,4260.232377955601,0.4630244969065934,0,1,-1
17.90298383063844,80.12920751002537,11.67166108190884,306.1738693149944,4352.008258005042,0.6780344459625057,0,1,-1
18.00300050008335,81.02700675150032,9.62716759780668,306.6210794708682,4329.361785824344,-0.3247948339369866,0,1,-1
18.10301716952825,81.92980766005869,8.194351028347844,300.2830782047444,4341.020273352322,0.6252631620101449,0,1,-1
18.203033838973163,82.83761023570051,8.030624421425468,293.17438893638024,4317.184698314857,-0.2506040601807061,0,1,-1
18.30305050841807,83.75041447842575,9.63399766945222,311.59489196328934,4249.240257265304,-0.2718690780408253,0,1,-1
18.40306717786298,84.66822038823442,8.97807080360564,301.53481917775696,4341.176855323552,-0.1355996126197068,0,1,-1
18.503083847307884,85.59102796512649,9.965542417746034,298.1063094046305,4408.160419801098,-0.3105676335527548,0,1,-1
18.603100516752797,86.518837209102,9.77478788294994,303.94431792409085,4329.060986276528,0.4115301783692082,0,1,-1
18.7031171861977,87.45164812016095,9.27872968044198,307.70591565863623,4283.85805136267,0.1340248018141509,0,1,-1
18.803133855642606,88.3894606983033,8.554773209752899,301.7650606051369,4230.307602723174,-0.2452379887318017,0,1,-1
18.903150525087515,89.3322749435291,7.936728037857893,308.28319089220565,4252.867047203436,0.337590054269616,0,1,-1
19.003167194532423,90.28009085583832,9.05506864519919,307.3153164120376,4317.48456459342,-0.1371859953462161,0,1,-1
19.10318386397733,91.23290843523098,10.40799072631214,296.5284124493874,4345.053418737627,-0.163539942157244,0,1,-1
19.20320053342224,92.19072768170702,9.815694010841325,298.55136952504483,4301.008509176883,0.0247966385089791,0,1,-1
19.303217202867145,93.15354859526651,8.405869822721584,306.71800753668555,4324.529993182079,0.2320953972691742,0,1,-1
19.40323387231205,94.12137117590946,9.87479786200721,288.37726056817905,4316.492712171348,0.1953824860077452,0,1,-1
19.50325054175696,95.09419542363578,10.136942650607317,301.2030465883508,4303.011431635799,-0.181148127748362,0,1,-1
19.603267211201867,96.07202133844557,8.9177761693998,294.8061707129968,4241.339683031119,0.4239521994758582,0,1,-1
19.703283880646776,97.05484892033876,10.005367046268915,299.58755938089706,4279.540925561389,-0.1107295913535645,0,1,-1
19.803300550091684,98.0426781693154,9.959858993491842,300.4862296098632,4225.0099811891,-0.3270278450820178,0,1,-1
19.90331721953659,99.03550908537542,8.808688311937672,300.1991098324161,4264.887172516924,-0.7336210192210855,0,1,-1
20.003333888981494,100.03334166851891,10.359454304839032,299.23902712833507,4277.148484788269,0.4920810925285778,0,1,-1
20.103350558426406,101.03617591874584,10.612459805581436,296.5246168076986,4341.13680966687,0.0067047023697291,0,1,-1
20.20336722787131,102.04401183605611,11.184734857110932,313.47989305688054,4188.306057156802,0.1059873938557827,0,1,-1
20.30338389731622,103.0568494204499,11.205494000693012,311.3676484105384,4274.465797337552,0.523454213081446,0,1,-1
20.40340056676113,104.07468867192708,8.824030915423473,296.2300109553947,4321.0527264389575,-0.238312359017757,0,1,-1
20.50341723620604,105.0975295904877,9.313883578187896,309.9609254801384,4281.536485200079,-0.68677788787137,0,1,-1
20.60343390565094,106.1253721761317,10.81675222003413,300.0630159382008,4281.847285905647,0.0354146456914056,0,1,-1
20.70345057509585,107.15821642885918,10.865511238460131,302.7162824241681,4266.193390346995,0.1545085955017235,0,1,-1
20.80346724454076,108.19606234867008,10.916781308576429,301.76397692496954,4298.336713693343,-0.1308929934057654,0,1,-1
20.903483913985664,109.23890993556437,14.304473447647553,298.7916051851288,4175.660135042213,0.7376797110672032,0,1,-1
21.00350058343057,110.2867591895421,11.072640802408452,307.0196117763738,4157.354472517145,-1.2425403475082215,0,1,-1
21.10351725287548,111.33961011060327,11.68732426661834,302.73978437817084,4222.953567118791,0.560617503810135,0,1,-1
21.20353392232039,112.39746269874789,11.555768724653396,299.73759627613583,4111.8343410841735,0.3961559349958225,0,1,-1
21.30355059176529,113.46031695397583,11.303166547188445,295.6074078401741,4278.049610224144,0.2289454246148653,0,1,-1
21.403567261210203,114.5281728762873,10.386514385964755,297.6723816575254,4274.180653013478,-1.6674570336748482,0,1,-1
21.50358393065511,115.6010304656822,11.510761185820822,293.943457815055,4188.107636019845,0.642520076892518,0,1,-1
21.603600600100016,116.67888972216043,10.028975085512435,302.2214778020859,4187.869599630971,-0.5127479665805239,0,1,-1
21.703617269544925,117.76175064572216,10.614990028032452,296.1870337655325,4199.426414395326,-0.2533361450778778,0,1,-1
21.803633938989837,118.84961323636732,10.416453421665812,300.8525608313063,4202.283170208745,-0.0848004968604362,0,1,-1
21.90365060843474,119.94247749409593,11.033699443603693,309.0408743288953,4202.68187187325,0.2042490938704102,0,1,-1
22.003667277879646,121.04034341890788,13.316492205613333,308.1968645923959,4220.878506026638,0.3204363085576331,0,1,-1
22.103683947324555,122.1432110108033,9.184576781070527,302.0489839242193,4180.98199219517,0.4468337225775982,0,1,-1
22.203700616769463,123.25108026978216,11.788110498759243,301.7849464309612,4233.422066429023,0.4085237245729935,0,1,-1
22.30371728621437,124.3639511958444,9.539142771917533,311.62974447572645,4205.211561622311,0.1268999784811631,0,1,-1
22.40373395565928,125.48182378899013,10.729935112040206,304.8441539973595,4149.220449941117,0.2084793795195955,0,1,-1
22.503750625104185,126.60469804921924,12.34082590951946,300.6113427631278,4242.981380909583,-0.5447361624702629,0,1,-1
22.60376729454909,127.7325739765318,11.36616366637001,295.13028614385263,4104.972697173655,-0.3749486438980493,0,1,-1
22.703783963994,128.86545157092775,10.274147204067694,304.2397444872231,4164.939726436436,0.448216033712264,0,1,-1
22.803800633438907,130.0033308324072,10.686596607459483,306.4269989262582,4214.559026929614,0.4191196911757819,0,1,-1
22.903817302883816,131.14621176097003,12.131506400376583,299.1321241077202,4126.727308794141,0.362523636558741,0,1,-1
23.00383397232872,132.29409435661626,10.771550354447225,303.756397172923,4175.029218674276,-0.2566873425672407,0,1,-1
23.10385064177363,133.44697861934594,11.76838391046879,300.4925185896022,4183.391551482695,0.4558415073051283,0,1,-1
23.203867311218534,134.60486454915906,11.647505495513082,301.40022473512687,4109.874174401256,-0.5800361011373132,0,1,-1
23.303883980663446,135.7677521460556,11.000341642725909,289.8912781102547,4145.954936730743,0.5392175382741945,0,1,-1
23.40390065010835,136.93564141003552,13.8458944143795,301.2314830464301,4138.434742726163,-0.1296663929216799,0,1,-1
23.50391731955326,138.10853234109894,12.38587768209464,307.1972382439956,4115.356807662443,0.8427295408693384,0,1,-1
23.60393398899817,139.28642493924573,9.776824407841476,299.203380621067,4254.713861242191,-0.7602689480782969,0,1,-1
23.703950658443077,140.46931920447597,12.038429643990964,302.6330269069209,4098.163869599732,0.8823185772601569,0,1,-1
23.80396732788798,141.65721513678963,11.240197199175602,298.6006431993292,4183.257418734809,-0.1801768285809347,0,1,-1
23.90398399733289,142.85011273618673,12.80442533346267,304.1926067811971,4110.065215955817,-0.1890608781886493,0,1,-1
24.0040006667778,144.04801200266726,11.209479594956198,301.3177840789969,4072.0704640168046,0.0979724607843793,0,1,-1
24.104017336222704,145.25091293623117,11.937272226644453,297.71419403021224,4128.242634058132,-0.34793085974352,0,1,-1
24.20403400566761,146.45881553687855,12.607004281814262,309.08316073889245,4152.25887922425,-0.0355021122196595,0,1,-1
24.30405067511252,147.67171980460935,13.017780531726382,307.0750651351723,4162.5346144166015,-0.3681164370758564,0,1,-1
24.404067344557426,148.88962573942354,11.001737265222935,299.4158729148149,4191.329952298908,-0.3499940300490682,0,1,-1
24.50408401400233,150.11253334132118,11.91754077116022,304.9393499484891,4257.18920570228,0.2440500264548434,0,1,-1
24.604100683447243,151.34044261030226,11.827105030562665,305.14747008244666,4119.16542706303,-0.4501827507442094,0,1,-1
24.70411735289215,152.57335354636675,11.698729443872365,305.6819179103451,4070.200562979566,-0.3835070545966503,0,1,-1
24.804134022337056,153.8112661495147,14.167521251449624,294.0091339222583,4122.716969829218,-0.6855973630053298,0,1,-1
24.904150691781965,155.05418041974602,12.857057056851938,307.5234477743413,4083.483312709709,-0.2512821887848118,0,1,-1
25.004167361226877,156.3020963570608,11.241199726278392,299.651921921494,4139.815596285681,0.6563564255159958,0,1,-1
25.104184030671775,157.55501396145897,13.469953962390663,300.7212787358609,4025.385025262527,-0.4222311704889344,0,1,-1
25.204200700116687,158.81293323294062,14.724256547070976,315.7098288313127,4205.388536117195,-0.3649661353681714,0,1,-1
25.304217369561595,160.07585417150568,13.684573945331945,304.0397886405612,4126.505399186512,0.0977155571702654,0,1,-1
25.404234039006504,161.34377677715418,11.18274705354924,300.6088110266648,3996.236593449955,-0.1848471496992104,0,1,-1
25.50425070845141,162.61670104988605,12.267891281359454,291.52395320706563,4041.721761466439,1.1147120408439342,0,1,-1
25.60426737789632,163.89462698970138,14.06904483813478,309.5092474075214,4114.716281291317,-0.0804747484386341,0,1,-1
25.704284047341226,165.17755459660015,12.144472558051833,295.8443800506911,4129.471062570908,0.1682341326686238,0,1,-1
25.80430071678613,166.4654838705823,13.345969786539294,297.5632355541811,4003.786215164685,0.4726092351486321,0,1,-1
25.90431738623104,167.75841481164792,13.726792746544856,300.9336702431839,4099.796229814728,0.4630472757067848,0,1,-1
26.004334055675947,169.05634741979696,12.07523655625989,309.68249236406905,3963.527386346915,0.1172632551386175,0,1,-1
26.104350725120856,170.35928169502944,12.992650006498629,306.4766350058409,4053.179629232472,-0.0798691759058099,0,1,-1
26.20436739456576,171.6672176373453,9.860916357213808,301.8312491902553,4110.003404896895,1.0124719966095348,0,1,-1
26.30438406401067,172.9801552467446,12.127804390671043,304.1718987245952,4023.5825122542687,-0.0492565035698264,0,1,-1
26.404400733455574,174.29809452322738,12.94963221533463,299.63851160899003,3972.572013376114,-0.2201541187292026,0,1,-1
26.504417402900483,175.6210354667935,12.004425519485393,303.3487101881168,4051.9912892570014,-0.3223106213729894,0,1,-1
26.60443407234539,176.9489780774431,14.93462834010433,303.0271271311252,4011.209616670229,-0.8625308284587441,0,1,-1
26.7044507417903,178.28192235517614,11.922083992934516,307.5142945525858,4069.691076256861,0.41141528304727,0,1,-1
26.80446741123521,179.6198682999926,12.96218921892062,307.5163373533183,3990.717019612492,-1.1733422054671607,0,1,-1
26.904484080680117,180.9628159118924,13.582982617626149,305.1603353190962,3993.124263261055,-0.0021158352945473,0,1,-1
27.004500750125025,182.3107651908757,14.943523664128628,300.888712287282,3927.4813394045823,-0.1015586803155072,0,1,-1
27.10451741956993,183.66371613694244,12.116396558605526,306.4195632139076,4033.806617825556,1.1206053239659188,0,1,-1
27.204534089014835,185.02166875009252,14.765430796662375,302.26061107788627,4014.0446392408303,-0.914971172219959,0,1,-1
27.304550758459744,186.3846230303261,13.66250844024946,297.32088323228027,3959.453731495259,-0.4497990196216943,0,1,-1
27.40456742790465,187.75257897764317,12.720775062904377,300.7240177832357,4025.348552534628,-0.0673764405743103,0,1,-1
27.50458409734956,189.1255365920436,14.214395522938052,303.1730933286566,4063.800354571032,-0.0979620874769519,0,1,-1
27.604600766794466,190.5034958735274,14.001360078970702,307.3115389950032,3998.4592338827465,-0.2739892302315834,0,1,-1
27.70461743623937,191.8864568220947,13.252091840960892,301.85282088283816,4019.439336827399,-0.039777231120055,0,1,-1
27.804634105684283,193.2744194377454,13.97211913783216,296.7344698543704,4016.49247481297,-0.6290009551210514,0,1,-1
27.904650775129188,194.6673837204795,13.567011790702834,303.074173493997,3939.4089066356846,0.179340615903415,0,1,-1
28.004667444574096,196.06534967029705,14.115851067538296,303.3677469447402,4099.255735304792,-1.1599491539485929,0,1,-1
28.104684114019005,197.4683172871981,14.714472731530549,303.7396565559157,3969.6875576039215,-0.0120351164293611,0,1,-1
28.204700783463917,198.87628657118248,15.68836720787731,307.4198276581185,4022.842020563145,-0.2992324381226413,0,1,-1
28.304717452908815,200.28925752225027,12.91454322762756,307.9250879457404,4025.3056901664095,0.508831949018016,0,1,-1
28.404734122353727,201.70723014040152,16.33540043583313,299.86941905032705,3976.676438215624,0.8786691441469865,0,1,-1
28.504750791798635,203.13020442563624,12.300287596376815,299.7697577889352,4010.809764481008,-0.1648886561279536,0,1,-1
28.60476746124354,204.5581803779543,14.150598635586189,297.65948319134696,3859.909518599653,0.6961596705572761,1,1,-1
28.70478413068845,205.99115799735583,14.9407092718288,306.3645567644712,3903.2233056926502,-0.1571867768905769,0,1,-1
28.80480080013336,207.4291372838408,14.683392267801713,310.1245806217019,3954.31311608612,-0.4822166683108539,0,1,-1
28.904817469578266,208.8721182374092,13.829709214968538,301.31507210741324,3937.1232058661217,0.8737193691915446,0,1,-1
29.00483413902317,210.320100858061,14.29429481915431,301.69333059027736,3941.490038959,0.2611981992466668,0,1,-1
29.10485080846808,211.77308514579624,14.059424469575209,310.2443978653417,3896.2062103525473,0.0030076166100333,0,1,-1
29.204867477912988,213.2310711006149,14.013068982012282,305.44827601386635,4014.559669445276,0.3443728677477505,0,1,-1
29.30488414735789,214.69405872251696,15.502044170699971,305.11166693874105,4035.17176481932,0.1380344854415172,0,1,-1
29.4049008168028,216.1620480115025,15.059465894366449,296.98590755181164,4000.808961459504,-0.0337267574598634,0,1,-1
29.50491748624771,217.63503896757143,14.0595491478632,306.34413209502185,4012.2744845029342,-0.6624290469662685,0,1,-1
29.604934155692614,219.11303159072384,15.70206695327956,298.31481171302045,3928.358020122644,-0.134321057225715,0,1,-1
29.704950825137523,220.5960258809596,15.159774933445371,297.300394152839,3910.621184920743,0.3125205170653643,0,1,-1
29.80496749458243,222.08402183827883,15.715345866130177,301.24663886562473,3900.3514630256254,-0.0604370409519528,0,1,-1
29.90498416402734,223.5770194626815,15.582120923937282,300.0615347991593,3968.333372190688,0.4520979589055467,0,1,-1
30.005000833472245,225.07501875416756,14.17350540581405,301.892501611422,3944.33510933998,0.1926263244355186,0,1,-1
30.105017502917157,226.57801971273705,14.492327711261607,295.80559357766714,3925.975219690631,-0.4382396713179904,0,1,-1
30.205034172362065,228.08602233839,15.849810691304294,307.81458494957457,3991.450597002043,-0.6586234594215817,0,1,-1
30.30505084180697,229.59902663112635,15.76289568633695,308.66893655676284,3943.799615926433,-0.0776356959389386,0,1,-1
30.405067511251875,231.11703259094608,15.18163216166179,293.3037943804211,3878.4815567140254,-0.2612192613286414,0,1,-1
30.505084180696784,232.6400402178493,15.369869473657172,307.94279744640244,3883.2333973895984,0.1690745836943498,0,1,-1
30.60510085014169,234.16804951183596,16.58021532085927,299.00786693590607,3948.245411959904,-0.3580288105835399,0,1,-1
30.7051175195866,235.70106047290597,14.76098737095747,307.35538943687254,3963.101803669379,-0.3068421470139739,0,1,-1
30.805134189031502,237.23907310105943,15.949664475685791,302.73828095557104,3935.471090573295,0.5275077450120368,0,1,-1
30.90515085847641,238.7820873962964,15.250382776804312,303.23439290625265,3999.605936159703,0.0750032544183543,0,1,-1
31.005167527921323,240.3301033586167,15.28490256073344,302.17502850568604,3983.388776738989,-0.3504583323118925,0,1,-1
31.105184197366228,241.88312098802044,16.651368950670303,309.1711644409041,3920.569627762554,0.0098686823134664,0,1,-1
31.205200866811136,243.4411402845076,16.4280167823936,296.92258002405595,3853.470716496978,0.69047916952583,0,1,-1
31.305217536256045,245.00416124807825,16.46611840412866,306.16972344730067,3826.784781222702,0.1479209994041931,0,1,-1
31.40523420570095,246.57218387873223,17.008095910004805,308.6471742450179,3869.801968789346,0.2975626554153843,0,1,-1
31.505250875145855,248.1452081764697,15.773629279205688,306.73222549021665,3923.721117491188,-0.3751626099547198,0,1,-1
31.605267544590767,249.72323414129065,16.48458674359035,314.78402132607613,3974.284676174326,0.5142393385233599,0,1,-1
31.705284214035675,251.30626177319493,15.54237535042438,300.5257946077801,3900.719036885807,1.159982177370973,0,1,-1
31.80530088348058,252.89429107218265,16.226816794228732,307.9670542013157,3935.179671763285,-0.3947317850815638,0,1,-1
31.90531755292549,254.48732203825384,15.82251572209506,302.66007857858546,3861.377486572028,-0.589987289022688,0,1,-1
32.005334222370394,256.0853546714084,16.099663076177915,309.3675638040004,3901.683125930638,0.088759715485038,0,1,-1
32.105350891815306,257.6883889716465,16.647832471344568,303.1720901105747,3908.616797905605,0.4387999163318673,0,1,-1
32.20536756126021,259.29642493896785,15.284463097396634,301.2811578468137,3765.376005394332,-0.0447896793454751,0,1,-1
32.30538423070512,260.9094625733727,18.24507939103802,309.7608994424287,3840.5930158357382,-0.5253714492354448,0,1,-1
32.40540090015003,262.52750187486106,15.196683068575313,300.78273039492035,3905.6616839697103,-0.053395630677002,0,1,-1
32.50541756959493,264.1505428434328,15.038520172009736,296.1869129624567,3868.814260395378,0.2999270329492919,0,1,-1
32.605434239039845,265.77858547908795,17.46082799301999,300.6763090080348,3792.181738144633,-0.2023771700535093,0,1,-1
32.70545090848475,267.4116297818265,17.144388148205312,306.3657098237911,3727.4204848113336,0.3047300952915434,0,1,-1
32.805467577929655,269.04967575164846,17.02685360601698,310.2407405157285,3827.559143512591,0.5834447455420637,0,1,-1
32.90548424737457,270.692723388554,17.08108763295156,303.84619530122,3839.192935476607,0.1212107590289474,0,1,-1
33.00550091681947,272.3407726925428,16.49050368556282,309.8915354278521,3795.5025721678417,-0.0129435960852875,0,1,-1
33.10551758626438,273.993823663615,15.655504421646356,296.51967715123845,3843.781924275269,0.415614513103666,0,1,-1
33.20553425570929,275.6518763017708,16.67857168604837,301.10423610148143,3858.8784288106544,-0.4269996593994821,0,1,-1
33.30555092515419,277.31493060700984,15.975613751064984,301.8876795067449,3864.027318306442,-0.4763793249022486,0,1,-1
33.4055675945991,278.9829865793324,17.677903530717302,302.7677596220973,3709.6333341776353,-0.1321221447473676,0,1,-1
33.50558426404401,280.65604421873843,16.605734750519865,303.7710303676554,3758.65379655956,-0.2448969301068346,0,1,-1
33.605600933488915,282.33410352522776,15.977303269951946,306.81511488030986,3806.078138469696,-0.400695219367197,0,1,-1
33.70561760293382,284.0171644988005,16.531422959813916,301.1465275694409,3846.8615933302526,0.9162689573552892,0,1,-1
33.80563427237873,285.7052271394569,17.31574859046499,304.07570686200347,3839.6607478436026,1.087118674980846,0,1,-1
33.90565094182364,287.3982914471965,16.389100918107843,303.16495064256213,3835.7410974892896,-0.1758331570719298,0,1,-1
34.00566761126855,289.0963574220197,16.180613410067842,298.7711172416711,3789.92769651442,0.0468566128689462,0,1,-1
34.105684280713454,290.7994250639262,17.29652935184864,302.8422349826642,3789.670353900819,-0.0928015363152326,0,1,-1
34.20570095015836,292.50749437291614,17.347817046187902,302.70227244553024,3766.591431184269,0.5548753616786217,0,1,-1
34.30571761960327,294.2205653489896,16.645915634430505,302.6051689369451,3838.37590458638,0.6538699628588897,0,1,-1
34.405734289048176,295.9386379921464,16.731828838905766,303.59937071181207,3750.9024951592,-0.8875753019032879,0,1,-1
34.50575095849308,297.66171230238655,17.484925416604177,303.8289427989163,3836.39192151433,0.2391469287016461,0,1,-1
34.60576762793799,299.3897882797103,15.854799472471672,301.29910086725715,3801.2483597697674,-0.6524476348484787,0,1,-1
34.7057842973829,301.1228659241173,15.945428374314892,309.83415209959463,3785.571497004853,0.8801085239133034,0,1,-1
34.8058009668278,302.8609452356078,16.684456262161465,297.6331769506677,3751.958649019097,0.2211754140093991,0,1,-1
34.905817636272715,304.60402621418183,17.23946166642451,299.8857312212778,3713.989947106045,-0.410561400767825,0,1,-1
35.00583430571762,306.3521088598392,17.813824718456814,317.4004015516895,3746.359694639693,-0.1194806942898713,0,1,-1
35.105850975162525,308.1051931725799,19.028281704530816,298.3206283225701,3759.219700523251,-0.1431590029510043,0,1,-1
35.20586764460744,309.86327915240423,18.460593445505737,296.75181339091193,3654.2489571379774,0.2638146462415768,0,1,-1
35.30588431405234,311.6263667993118,17.493003627062745,307.20297215641136,3759.814959046136,0.5220987654749852,0,1,-1
35.405900983497254,313.39445611330297,17.68393428384594,293.1549908294804,3812.885542711465,-0.5729389413690901,0,1,-1
35.50591765294216,315.1675470943774,16.75042946183327,302.374222215432,3792.015938550352,0.9204358936753928,0,1,-1
35.605934322387064,316.94563974253526,17.784454025201143,314.28971805762114,3735.8345280025455,0.8040215833824046,0,1,-1
35.705950991831976,318.7287340577767,17.56431685699585,295.8459154884162,3759.983822836632,-0.4365110467205364,0,1,-1
35.80596766127688,320.51683004010147,18.22570239097653,293.6707743374341,3726.823371260662,0.0376302885763005,0,1,-1
35.905984330721786,322.3099276895096,17.12576122180857,296.0946924232837,3693.9415063569,0.8565047541772765,1,1,-1
36.0060010001667,324.1080270060013,18.52234701432452,308.0923979417516,3825.633383924805,0.6177251105701665,0,1,-1
36.1060176696116,325.9111279895763,19.58574774780838,309.2344853668902,3794.054730215207,-0.1669690616671759,0,1,-1
36.20603433905651,327.71923064023474,17.994257021071398,301.0576594490131,3768.673700717422,0.4083713763110385,0,1,-1
36.30605100850142,329.5323349579768,18.55473722634965,307.0466671208555,3714.996331246927,1.4998689841947304,0,1,-1
36.406067677946325,331.35044094280204,18.89317783068428,310.59188340535457,3774.146482114769,0.0538923674252275,0,1,-1
36.50608434739123,333.1735485947107,17.85182170180978,312.58734050688827,3649.317092753487,-0.3151396264423107,0,1,-1
36.60610101683614,335.001657913703,18.527142990228487,302.4289336957844,3718.0570344170505,0.0874763381295735,0,1,-1
36.70611768628105,336.83476889977857,18.36565124392232,292.16325318027816,3756.8764361302656,0.1245225340069247,0,1,-1
36.80613435572596,338.67288155293767,18.50074327641181,299.57621882352413,3761.730468981649,-0.2610052294589448,0,1,-1
36.906151025170864,340.5159958731801,17.680065728729964,301.5565941278408,3755.2245605391945,0.2219767850350214,0,1,-1
37.00616769461577,342.36411186050594,18.527594021566827,302.40592278656965,3733.495180939747,-0.625934061827971,0,1,-1
37.10618436406068,344.21722951491535,19.05109047327579,302.7713214313625,3705.993088771917,-0.3314343799033748,0,1,-1
37.20620103350559,346.075348836408,20.05424412454784,309.3150930930039,3739.706206356085,0.3805881448190095,0,1,-1
37.30621770295049,347.93846982498417,19.61237967756045,310.102763903733,3662.194802963226,-0.8760294258278797,0,1,-1
37.4062343723954,349.8065924806438,20.856299643709256,302.88225516761565,3664.636814043644,0.4531625244803718,0,1,-1
37.50625104184031,351.6797168033868,17.985777958032106,309.24304948444313,3706.992606435443,-1.0047902285691053,0,1,-1
37.60626771128521,353.5578427932132,19.675454492363286,305.54893360428395,3709.603321442236,-0.8642478649920227,0,1,-1
37.706284380730125,355.44097045012313,19.036484196103416,304.09315830238586,3606.7026164665967,-0.2481586930960964,0,1,-1
37.80630105017503,357.3290997741164,21.09295345830519,308.31335089056734,3717.7829980289225,0.1450451222622227,0,1,-1
37.906317719619935,359.22223076519305,18.144860574454817,304.1518920131516,3730.706767069064,0.6638513907062532,0,1,-1
38.00633438906485,361.1203634233533,18.163445352351648,314.0896893243953,3685.2531192044144,0.0300332194770627,0,1,-1
38.10635105850975,363.0234977485968,18.45378288381085,296.61857927187816,3804.8900899690216,-0.1220194699191091,0,1,-1
38.20636772795466,364.9316337409239,16.979288139667524,301.2447822773354,3649.0717751495977,0.2908746513526469,0,1,-1
38.30638439739957,366.8447714003343,18.627437177019026,303.1980439549702,3662.218285002483,-0.4341705148772938,0,1,-1
38.40640106684448,368.76291072682807,18.44406787186854,306.03790355897445,3657.5757667318735,0.070963714647886,0,1,-1
38.506417736289386,370.68605172040543,19.4036026546209,310.19044420914435,3670.578554615543,-0.5983447660952347,0,1,-1
38.60643440573429,372.6141943810661,19.644973178644303,303.73865060439266,3655.012870066106,0.0427056073289816,0,1,-1
38.7064510751792,374.5473387088102,21.22939637680548,296.7594968599869,3598.1721095295,-0.0632848461928463,0,1,-1
38.80646774462411,376.4854847036378,20.353657710498105,308.09321625673743,3638.251096624267,-0.4006267190323628,0,1,-1
38.90648441406901,378.4286323655488,18.876338551372104,307.6654422721167,3657.7656980762927,0.0838305555826857,0,1,-1
39.00650108351392,380.3767816945431,18.6048358704086,294.19135681145434,3721.145903272596,0.0805509015504778,0,1,-1
39.10651775295883,382.329932690621,20.04517804798592,303.8916311069419,3766.902372142773,0.5891915193774327,0,1,-1
39.206534422403735,384.2880853537823,18.283034004181225,295.9699442888389,3720.639153797459,-0.8015803263585253,0,1,-1
39.30655109184864,386.25123968402687,21.484734311778677,300.6073996216745,3612.1740971058,-0.0363530139780596,0,1,-1
39.40656776129355,388.2193956813551,20.882724001368064,299.42661214131533,3613.232495125365,-0.3785486483618042,0,1,-1
39.50658443073846,390.19255334576656,19.28411656326452,307.9969819342838,3637.138809361717,0.4362437450509919,0,1,-1
39.60660110018337,392.1707126772616,18.090166021000808,304.5448109808793,3731.417778905669,0.3781690199195253,0,1,-1
39.706617769628274,394.1538736758399,21.20718125897955,297.54270677318266,3631.0055598585127,0.2555699519968541,0,1,-1
39.80663443907318,396.1420363415017,19.78877737428397,308.380993258694,3569.9906458591795,-0.3504869808352901,0,1,-1
39.90665110851809,398.135200674247,21.191141866232503,296.82163599120975,3608.398749507172,0.4443629504381746,0,1,-1
40.006667777963,400.13336667407566,18.40890623018713,305.65123573015103,3668.404318602892,-0.7638136620789918,0,1,-1
40.1066844474079,402.1365343409877,19.453967200750174,299.94061509828305,3662.144768841629,-0.8662703565773164,0,1,-1
40.20670111685281,404.1447036749833,20.10859425814459,302.19228469903265,3614.735480625924,-0.6364622728910756,0,1,-1
40.30671778629772,406.1578746760622,20.2003394869136,306.55202551882167,3656.017927193429,-0.0152515075772612,0,1,-1
40.40673445574262,408.1760473442245,19.753301756392062,306.6479204408719,3505.291781708187,0.3390070707333786,0,1,-1
40.506751125187535,410.1992216794704,20.876225494941263,310.7355204802986,3705.495032438163,-1.4864346263082244,1,1,-1
40.60676779463244,412.2273976817996,19.235763467933623,303.64940828110593,3656.1980083929066,0.6627278349503785,0,1,-1
40.706784464077344,414.26057535121214,20.211012747017374,305.60293276122445,3568.6307170308983,0.06704347464565,0,1,-1
40.80680113352226,416.2987546877083,20.523696198473026,301.8919935013306,3565.5694087737515,-0.7823550096726022,0,1,-1
40.90681780296716,418.3419356912878,20.96784773554233,305.0006311934107,3511.17869226748,0.0520683966594874,0,1,-1
41.00683447241207,420.3901183619508,21.215032114294928,306.2981136872837,3681.112951603256,0.5478938979896463,0,1,-1
41.10685114185698,422.4433026996971,19.42878347909062,303.6191358769138,3562.7298507730006,0.3011021837625842,0,1,-1
41.20686781130188,424.5014887045268,19.06931973491532,295.1019343606677,3607.91139523862,0.5508714277138954,0,1,-1
41.3068844807468,426.5646763764401,21.931119062271907,305.7880429297292,3623.1790672584566,-0.6813837070458039,0,1,-1
41.4069011501917,428.6328657154367,21.03576458707544,305.9634975017965,3665.71289675621,-0.20539779556509,0,1,-1
41.506917819636605,430.7060567215167,20.00497237326175,300.7498244002239,3579.543193150989,-0.4608871079251741,0,1,-1
41.60693448908152,432.7842493946803,22.35461922006328,297.73875826854555,3557.397471310447,0.8605962070317593,0,1,-1
41.70695115852642,434.8674437349271,20.96915021355607,311.5500908683725,3590.155517338106,0.3212765229078563,0,1,-1
41.80696782797133,436.9556397422574,22.08278109804949,306.6379243372692,3642.841615572637,1.425268009457139,0,1,-1
41.90698449741624,439.0488374166712,21.021010730118228,303.04529329513304,3567.266733103249,-0.2322021013011828,0,1,-1
42.00700116686114,441.1470367581684,23.06424850831256,298.51553570094865,3525.171952781225,-0.3604154851487864,0,1,-1
42.10701783630605,443.25023776674897,22.808849760596228,300.10162764152386,3493.0198510601967,-0.0695338728240702,0,1,-1
42.20703450575096,445.3584404424131,20.854553104396405,310.73365543450626,3506.1374924601187,0.6907570867398762,0,1,-1
42.307051175195866,447.4716447851605,22.125096538552288,304.9190148218598,3607.568840545955,-0.1812900020987263,0,1,-1
42.40706784464078,449.5898507949915,21.848909871905537,301.4877714494605,3545.4672277897585,0.0639457054667781,0,1,-1
42.50708451408568,451.71305847190575,22.62217381457519,306.7991546075319,3528.273872157649,0.0501944003413952,0,1,-1
42.60710118353059,453.8412678159034,20.33862713118519,300.1887191811214,3520.00530083851,0.0212535203769031,0,1,-1
42.7071178529755,455.9744788269847,22.03961038648619,311.7749269366994,3557.2119758249646,-0.3244427583969354,0,1,-1
42.807134522420405,458.1126915051492,22.46199174805979,311.04471612672563,3538.145223596397,-0.0668222830591564,0,1,-1
42.90715119186531,460.2559058503972,19.69483610950954,301.95784476317266,3533.6219394016107,-0.0886342805315008,0,1,-1
43.00716786131022,462.4041218627288,20.320325417989334,301.15736555097675,3611.90758229634,-0.0022797466447555,0,1,-1
43.10718453075513,464.5573395421436,19.51436008761746,291.2200524596141,3618.507308516059,0.4731513862873059,0,1,-1
43.20720120020003,466.7155588886418,21.33419376565546,296.9128162622632,3458.27278667871,0.8819629050017408,0,1,-1
43.307217869644944,468.8787799022236,22.371151190618438,297.63337291217573,3552.323148353016,-0.4184086444450466,0,1,-1
43.40723453908985,471.0470025828887,23.20597432164095,305.01667515884594,3494.272312094998,-0.1940514932588084,0,1,-1
43.507251208534754,473.2202269306372,21.82772038468715,302.7195565986467,3517.8770285111204,-0.4107823056035558,0,1,-1
43.60726787797967,475.3984529454693,23.43224948456113,297.63404935072174,3542.929930777388,0.0955343653471006,0,1,-1
43.70728454742457,477.5816806273847,20.473540815497397,302.96490824241965,3514.008701322468,-0.2676506484500482,0,1,-1
43.80730121686948,479.7699099763837,20.200268169079585,306.9074158599237,3533.3486333731944,0.1213843045782943,0,1,-1
43.90731788631439,481.96314099246587,21.898111244260576,307.0299285382094,3552.6573465362485,0.5535479552129807,0,1,-1
44.00733455575929,484.16137367563147,22.387732726818957,294.9023820512815,3530.9231260711927,-1.2611044629573722,0,1,-1
44.107351225204205,486.3646080258807,22.020980864508008,303.7694177201013,3481.040171760092,0.2476435124923485,0,0,1
44.20736789464911,488.5728440432132,20.03624184728468,297.50403290460685,3479.1119568585545,-0.2286302362394798,0,1,-1
44.307384564094015,490.7860817276292,22.06457224253422,308.9393819421108,3435.778870130035,0.2319715025318253,0,1,-1
44.40740123353893,493.0043210791287,20.89923111626461,308.3614722051214,3462.262563556444,-0.4466497758583858,0,1,-1
44.50741790298383,495.2275620977114,22.923381500321955,299.96060565867606,3600.2586839204696,0.6000287691649964,0,1,-1
44.60743457242874,497.4558047833776,22.670315532311218,300.63051744524086,3459.7540166406484,0.4584971627415652,0,1,-1
44.70745124187365,499.6890491361274,21.413845834609468,302.16440987169585,3436.8864245766067,0.2858368672698536,0,1,-1
44.80746791131856,501.9272951559605,21.889867038322585,293.2167798174752,3509.7551666860945,0.3983460848612093,0,1,-1
44.90748458076346,504.17054284287696,21.394528768492776,306.1705893252792,3784.895732298746,-0.3711523334476724,1,1,-1
45.00750125020837,506.418792196877,22.441071527831014,303.1365273933202,3478.392637006296,-0.3079919764004118,0,1,-1
45.10751791965328,508.6720432179603,23.50890128032788,309.3616272048046,3408.676927693138,0.3782147878944896,1,1,-1
45.20753458909819,510.9302959061272,21.61804124821355,299.02870736909705,3510.0510905818865,-0.3821729780684572,0,1,-1
45.30755125854309,513.1935502613775,23.157822144789392,301.4351403846046,3453.309684494601,0.7247547670088187,0,1,-1
45.407567927988,515.4618062837111,22.17352634562156,297.0081305026032,3455.8023372966286,-0.1600180857952907,0,1,-1
45.50758459743291,517.7350639731283,21.96091946645411,299.52930564227205,3449.11583561617,0.2526914231958868,0,1,-1
45.607601266877815,520.0133233296287,22.69677027348435,298.6508501463467,3515.2033947840846,1.051485912394492,0,1,-1
45.70761793632272,522.2965843532126,21.818566645741985,309.55063018786456,3453.28250710542,-0.3513894416264327,0,1,-1
45.80763460576763,524.5848470438801,22.350167997536637,301.0894542168198,3376.2579090301933,0.0361862716383286,0,1,-1
45.90765127521254,526.8781114016308,21.75594774501742,305.2116435512443,3460.7275147166806,0.5288042066725713,0,1,-1
46.00766794465744,529.176377426465,24.96855910524511,302.6969497751567,3383.522330248444,0.4778970143088952,0,1,-1
46.107684614102354,531.4796451183827,23.089105859022904,298.2634421313462,3566.8175074216674,-0.16198189325475,0,1,-1
46.20770128354726,533.7879144773838,22.404125133781044,303.7792680124965,3334.9447793153267,-0.2565512231659676,1,1,-1
46.30771795299216,536.1011855034682,23.367838887230302,307.6262884546172,3443.9840721709807,-0.1145953210415632,0,0,1
46.40773462243708,538.4194581966362,23.091539261527707,298.6019764995269,3462.22642971026,0.7258550506886275,0,1,-1
46.50775129188198,540.7427325568875,23.032906046407767,308.6963390828451,3432.124575776161,-0.1376365198097979,0,0,1
46.60776796132689,543.0710085842223,23.918050680706877,300.4121721887442,3429.299361104089,0.0411254839269858,0,1,-1
46.7077846307718,545.4042862786405,24.111400025433205,302.255858832713,3462.1378476202617,-0.2112914319050583,0,1,-1
46.8078013002167,547.7425656401421,22.873399502497826,307.3341957450719,3514.605086390992,0.354664323798732,0,1,-1
46.907817969661615,550.0858466687273,22.878090744186128,301.37360101086875,3473.919748923149,0.0796533318816094,0,1,-1
47.00783463910652,552.4341293643957,23.228865622401617,304.88865776059,3506.722194623635,-0.4997677386096598,0,1,-1
47.10785130855143,554.7874137271475,21.252004489540127,303.13733098691466,3377.7199488753463,-0.4827753900262597,0,1,-1
47.20786797799634,557.1456997569829,22.08874292679961,305.3676268313187,3443.175635492476,-0.9975386356172192,0,1,-1
47.30788464744124,559.5089874539017,25.020816591165147,292.8270929371266,3432.3286001905703,-0.4133925708431543,0,1,-1
47.40790131688615,561.8772768179039,25.34891837194436,295.5923810556482,3439.381848382746,0.3993033810092068,0,1,-1
47.50791798633106,564.2505678489895,23.50492295360915,307.83062682886725,3487.90205924169,0.6638762755128367,0,1,-1
47.60793465577596,566.6288605471585,24.380524290943747,309.94670049382285,3405.3163690789124,0.3449292320946436,0,1,-1
47.70795132522087,569.0121549124109,24.16522581715397,300.2183616148645,3393.3482112962647,0.2794274887992821,0,1,-1
47.80796799466578,571.4004509447469,26.98286480578813,303.56065503861095,3437.5921579978567,-0.0606026929587088,0,0,1
47.907984664110685,573.7937486441662,25.07356724348992,306.26439473092256,3319.2549039511377,0.3897353498309707,0,0,1
48.0080013335556,576.192048010669,23.876083075297032,308.2668881416491,3393.596542028826,0.1451993876967814,0,0,1
48.1080180030005,578.5953490442552,23.098468560899825,294.6724154419458,3396.0055443840124,0.9041518093463338,0,1,-1
48.20803467244541,581.0036517449247,22.49757101596513,300.39060223235265,3353.975960860374,-0.0473936986509987,0,1,-1
48.30805134189032,583.4169561126778,24.357489306812383,303.16790823493966,3450.1274817927037,0.6736499310654545,0,1,-1
48.40806801133522,585.8352621475142,23.447683260383307,308.3565077873138,3341.445329887614,0.4390432683887049,0,1,-1
48.50808468078013,588.2585698494339,22.831788630792392,317.3429608866855,3385.048681107663,0.3696048497102889,0,1,-1
48.60810135022504,590.6868792184374,23.657477790869997,303.72078150097394,3403.787354066058,-1.003723420902769,0,1,-1
48.708118019669946,593.120190254524,23.27251100622058,297.8359244914471,3454.09139991396,0.4665512989768992,0,1,-1
48.80813468911485,595.5585029576941,26.09120897962999,306.892153854918,3383.182497167134,-0.0612777326456479,0,0,1
48.90815135855976,598.0018173279478,25.33571543622933,311.4957940835596,3427.811661985368,-0.2196353012552634,0,1,-1
49.00816802800467,600.4501333652847,24.49611137268572,305.440887407698,3413.32958007472,-0.7392854989522074,0,1,-1
49.10818469744957,602.903451069705,26.034036487614813,300.3775757439735,3381.7706787841043,-0.0003287753564618,0,1,-1
49.208201366894485,605.361770441209,24.68146899109486,309.7107898440895,3318.422282429774,0.0189807657228809,0,0,1
49.30821803633939,607.8250914797962,23.79282481684143,308.2485498961261,3298.471221040565,-0.6494552319768534,0,1,-1
49.4082347057843,610.2934141854671,26.227241430161808,299.8104192496004,3372.830003046518,-0.7341363886529318,0,1,-1
49.50825137522921,612.7667385582212,25.293035731299263,306.85795322519465,3337.676514091929,0.2456295112013934,0,0,1
49.60826804467411,615.2450645980587,23.7668878680106,309.94715464276175,3408.083191380015,0.4378937781186589,0,1,-1
49.708284714119024,617.7283923049797,24.663803678975903,310.8802786842064,3396.723894184204,0.097343170258313,0,1,-1
49.80830138356393,620.2167216789841,24.028532438397207,304.6485852618091,3347.5136007936035,0.5775044347107067,0,1,-1
49.908318053008834,622.7100527200719,23.57135929554008,303.2004345744043,3296.1737355872287,-0.0411850912798921,0,0,1
50.00833472245375,625.2083854282432,25.930344908758517,311.1372025826517,3376.913537847323,-0.024731537557747,0,1,-1
50.10835139189865,627.7117198034979,26.963592336419456,298.9600326242854,3297.7988122392485,-0.4558577674921749,0,1,-1
50.20836806134356,630.2200558458359,23.70561645685264,307.2137332607394,3308.094756458814,-0.7780904161449771,0,1,-1
50.30838473078847,632.7333935552575,25.717161602084804,298.1807053362567,3294.370975919549,0.9297330355613292,0,1,-1
50.40840140023337,635.2517329317625,24.55355813099486,310.3677215013214,3333.7426624105274,0.5678310255968418,0,1,-1
50.50841806967828,637.7750739753508,24.767083651074444,303.760614228912,3396.5054196285755,-0.6940355048493547,0,1,-1
50.60843473912319,640.3034166860227,24.711823445322725,311.4037596521497,3335.073985861105,0.0800865175233696,0,0,1
50.708451408568095,642.8367610637779,24.49023493460423,307.5279089226345,3310.497456518617,-0.0478532037263411,0,0,1
50.80846807801301,645.3751071086167,25.45275566695133,298.9647456574917,3253.71214001809,-0.134645762328632,0,1,-1
50.90848474745791,647.9184548205387,24.62329225731792,312.213987135132,3354.9357430433315,-0.2023146529367265,0,1,-1
51.00850141690282,650.4668041995442,25.774707534231247,312.8570764738289,3285.6480409979054,0.1930478606349969,0,1,-1
51.10851808634773,653.0201552456332,25.50402093372473,309.52228427163084,3327.8850382369856,0.4114481558961945,0,1,-1
51.20853475579264,655.5785079588055,25.36531933102991,301.31291415039817,3301.64123926284,0.20352921340823,0,1,-1
51.30855142523754,658.1418623390613,24.746712050577173,303.6007853707367,3358.606168912043,-0.0580421783287512,0,0,1
51.40856809468245,660.7102183864006,25.12751271677289,305.867992896497,3306.1827495981715,-0.0763250887646497,0,0,1
51.50858476412736,663.2835761008232,26.50968360788944,301.6323064797556,3308.447634436785,0.4709685636688532,0,1,-1
51.60860143357226,665.8619354823292,26.30521790441051,313.62259300567325,3333.032812497899,0.234241999571024,0,1,-1
51.70861810301717,668.4452965309189,24.876753806710035,305.89249416893193,3411.4460855037205,0.0385858871410631,0,0,1
51.80863477246208,671.0336592465917,26.003649691660264,291.6641232417094,3347.877160782923,-0.0154919345527021,0,1,-1
51.90865144190699,673.6270236293482,26.705712844325284,306.8876442079718,3296.3823617381067,0.1752372989012104,0,0,1
52.008668111351895,676.2253896791879,24.334928774554577,303.4600798270486,3298.3325326014124,-0.2320325248828617,0,1,-1
52.1086847807968,678.828757396111,26.597702582778336,304.83623569748744,3269.291737603921,0.4133490012350592,0,0,1
52.20870145024171,681.4371267801178,25.441726966175008,303.37777331609567,3245.399112839202,-0.535580936437303,0,0,1
52.30871811968662,684.0504978312077,26.72495772843647,309.2661038950021,3262.6276542149844,-0.2031221949787234,0,0,1
52.40873478913152,686.6688705493812,25.441108238023244,310.8393123716801,3249.0261474077515,0.3079012727637861,0,0,1
52.508751458576434,689.2922449346382,24.4494936286237,306.66614095715096,3317.672521595342,-0.5642788611112184,0,1,-1
52.60876812802134,691.9206209869784,24.676841626127505,303.5643208771113,3228.816969428011,-0.7843001562094855,0,1,-1
52.70878479746624,694.5539987064021,26.402477345394505,305.0641924557008,3346.4119517279987,0.0340782220092235,0,0,1
52.80880146691116,697.1923780929095,26.66412323517706,305.37887822957924,3314.730553918352,-0.845635695578782,0,1,-1
52.90881813635606,699.8357591465,25.550092443073623,301.2787316143114,3275.532230345687,-0.647032443149146,0,1,-1
53.008834805800966,702.484141867174,27.143009861677857,308.1955267234362,3271.9040799738696,0.3809915197254995,0,0,1
53.10885147524588,705.1375262549316,24.89290567535398,307.6110967668269,3241.407184149905,-0.1001484604301166,0,0,1
53.20886814469078,707.7959123097723,26.53835427369808,313.0230930133524,3280.1606634593686,0.6453107936003709,0,1,-1
53.308884814135695,710.4593000316968,25.44342620730539,311.607637382856,3318.448350671053,-0.6000584979378811,0,1,-1
53.4089014835806,713.1276894207045,26.052614633988146,301.9125155604074,3266.1795172137427,-0.0445076699815457,1,1,-1
53.50891815302551,715.8010804767956,26.801857747829168,309.4523836878474,3182.1549596844184,0.2024144300435681,0,0,1
53.60893482247042,718.4794731999704,25.94405404595125,300.60612656677466,3291.379025532901,-0.5828106372431311,0,1,-1
53.70895149191532,721.1628675902283,26.469920201727835,308.8505556538958,3269.8320448365,0.5184341730103998,0,1,-1
53.80896816136023,723.8512636475697,27.910776889894557,302.7978258223355,3195.001522393683,0.2582021786279439,0,0,1
53.90898483080514,726.5446613719946,26.37760054587942,300.2746323662026,3211.741691602638,-0.8021092484059736,0,1,-1
54.00900150025005,729.2430607635029,27.840192862190165,306.801126863512,3202.857923804924,-0.0160239577385057,0,0,1
54.10901816969495,731.9464618220945,25.92480223018985,292.0380661761988,3206.9904794279378,0.1954213654036641,0,1,-1
54.20903483913986,734.6548645477698,27.63432159748521,296.66602561188785,3224.43898690092,-0.292227089821692,0,1,-1
54.309051508584766,737.3682689405283,28.596094374950283,304.54344573198705,3224.7038658026872,-0.736912822787395,0,1,-1
54.40906817802967,740.0866750003702,24.732889588887545,305.85311565097714,3202.901727708097,0.1414438483826667,0,0,1
54.50908484747458,742.8100827272958,26.457647168266814,303.6043146339565,3194.9454703043334,1.1081721737568786,0,1,-1
54.60910151691949,745.5384921213046,27.881622885640283,297.563728658104,3218.8287646174726,-0.1906358452973525,0,1,-1
54.7091181863644,748.271903182397,27.151513707139205,301.3814526079439,3236.068947151445,0.7873168726335813,0,1,-1
54.809134855809305,751.0103159105726,27.77571330127596,307.43696012176787,3209.287998592104,-0.3733118426583759,0,0,1
54.90915152525421,753.7537303058317,26.850590575911284,308.39982400566726,3280.4566963334014,0.1104052086102881,0,0,1
55.00916819469912,756.5021463681744,27.59117388482246,305.4198012314902,3245.350313746061,0.388553007133067,0,0,1
55.10918486414403,759.2555640976003,27.398915196679933,311.2950873915994,3137.828279493369,-0.0014571462589574,0,0,1
55.20920153358893,762.0139834941097,28.772382828454276,307.50790527065504,3240.983664722099,-0.1458067880217439,0,0,1
55.30921820303384,764.7774045577025,27.909029944818133,301.79364355051234,3242.50323785215,0.3659261059468334,0,0,1
55.40923487247875,767.5458272883787,28.042220098314576,304.1384132201898,3187.920109098346,0.9486198903583652,0,1,-1
55.50925154192365,770.3192516861384,27.34274880483936,298.5365943681531,3132.32985178648,0.1530309547798535,0,1,-1
55.609268211368565,773.0976777509816,27.31702788161179,305.0202318691797,3204.927995991164,-0.2552981662933113,0,0,1
55.70928488081347,775.8811054829081,27.42208425258712,311.131431584188,3201.576203895157,-0.0921210496365484,0,0,1
55.809301550258375,778.669534881918,28.299102917507483,309.0073805785807,3143.3183530300853,1.2628046717094168,0,1,-1
55.90931821970329,781.4629659480115,27.53367462903138,312.60097845156594,3124.280780730468,0.0702326713233301,0,0,1
56.00933488914819,784.2613986811882,28.29444230147051,304.0865072699199,3189.9071875685004,-0.2942570700826454,0,0,1
56.109351558593104,787.0648330814486,30.130076577941992,312.3414341284306,3180.0761736603777,-0.5691391218260953,0,1,-1
56.20936822803801,789.8732691487922,28.975808817450694,304.65441569056395,3168.3139767569505,-0.9098411877803524,0,1,-1
56.309384897482914,792.6867068832192,27.828668916573616,312.98886390259776,3182.4559617999657,0.1846365045803135,0,0,1
56.40940156692783,795.5051462847299,29.405914705627858,305.5316564194822,3128.9389734815536,0.3305344642757385,0,0,1
56.50941823637273,798.3285873533238,27.846633745164816,309.18709869265865,3159.790093653875,-0.1954997109213217,0,0,1
56.60943490581764,801.1570300890011,26.266592917730964,313.03650531213106,3205.6527448114334,-0.0049735305157982,0,0,1
56.70945157526255,803.990474491762,27.34663947671387,304.7038070146202,3158.945393476505,-0.582492518812173,0,0,1
56.80946824470745,806.8289205616061,26.53394220132787,306.77289176219165,3090.304711719809,0.0690306404654306,0,0,1
56.90948491415236,809.6723682985337,28.10322897303487,312.13526561744675,3147.7301912141365,0.2436538091060131,0,0,1
57.00950158359727,812.520817702545,28.523169170988183,305.0359343387094,3115.320382066161,-0.2645795055568608,0,0,1
57.109518253042175,815.3742687736393,30.23119643879637,299.10649041277344,3179.65064893219,0.8486471168857042,0,1,-1
57.20953492248708,818.2327215118172,28.931694835007704,316.43598876517325,3179.70326024953,-0.4154543327804552,0,1,-1
57.30955159193199,821.0961759170787,28.435675267157134,303.38213283750747,3078.292240280115,0.1447206287917302,0,0,1
57.4095682613769,823.9646319894234,29.53418971187194,306.5347370808254,3196.653225379928,0.427403643242454,0,0,1
57.50958493082181,826.8380897288517,26.543657156403015,311.53099184033783,3100.566889347075,-0.0360763364394324,0,0,1
57.60960160026672,829.7165491353633,29.040415358241923,302.7184906413707,3231.610967121669,-0.0911135807170153,0,0,1
57.70961826971162,832.6000102089582,29.62567432874277,300.73162226086055,3148.690706569311,-0.7111653831521272,0,1,-1
57.80963493915653,835.4884729496368,27.426231223798425,307.0496499777898,3086.2895294595824,0.6814263800971488,0,1,-1
57.90965160860144,838.3819373573987,30.098579847507647,296.8255831712982,3088.9916012259746,-0.0815598145769679,0,1,-1
58.00966827804634,841.280403432244,29.343330546517585,304.36143644346504,3160.9793838936653,0.2718808664021058,0,0,1
58.10968494749125,844.1838711741729,28.639554559844825,307.03616181632617,3121.4953519117284,0.3393900414722772,0,0,1
58.20970161693616,847.092340583185,29.737632674574364,304.4712106775678,3133.71538897708,-0.3108536575777234,0,0,1
58.30971828638106,850.0058116592805,31.425552000994927,298.11371711270937,3216.676843484783,-0.0950251891107704,0,1,-1
58.409734955825975,852.9242844024598,29.38673373297148,313.81186327660265,3098.5673837639297,0.6704499437577822,0,1,-1
58.50975162527088,855.8477588127221,29.50309639893577,306.36866593227296,3134.021491113318,-0.5553614727918034,0,0,1
58.609768294715785,858.7762348900679,28.84552324781765,313.0167374182803,3199.511338373503,1.067037380764544,0,1,-1
58.7097849641607,861.7097126344974,28.50504811261556,304.57079724551386,3139.542556474412,-0.3694379779466383,0,0,1
58.8098016336056,864.6481920460101,30.235236633347046,301.4809202549067,3043.186515947395,-0.5863369063816573,0,1,-1
58.909818303050514,867.5916731246064,28.59882532561639,307.23688643158084,3146.2878730333878,0.0691747784468256,0,0,1
59.00983497249542,870.5401558702858,29.576483723467103,304.82204786560845,3060.372047406974,1.1074296256410627,0,1,-1
59.10985164194032,873.4936402830488,29.077268374205044,300.02217787423723,3186.3683311019195,-0.9523492883626477,0,1,-1
59.20986831138524,876.4521263628953,30.08391398143901,313.269908125076,3072.392333707413,-0.0671248163204863,0,0,1
59.30988498083014,879.4156141098251,29.988604595702014,302.81963738361304,3259.520941963987,0.2414913030490506,0,0,1
59.409901650275046,882.3841035238383,30.742490769395424,296.7396582410497,3181.92601034554,0.0203793282486059,0,1,-1
59.50991831971996,885.3575946049352,29.24494276100523,312.5918221017586,3066.240316940255,0.1941350283663943,0,0,1
59.60993498916486,888.3360873531153,29.535092559289065,303.43950341985334,3104.587358712538,-0.3557712846778674,0,0,1
59.70995165860977,891.3195817683788,28.876212113522577,302.93187570278286,3138.786592542772,-0.2967752953498645,0,0,1
59.80996832805468,894.308077850726,29.460690903951228,297.1540588976556,3137.807097539718,-0.0709844057967025,0,1,-1
59.90998499749959,897.3015756001563,30.332292991794645,314.6957059327349,3118.2625659751943,-0.5614971679921696,0,1,-1
60.01000166694449,900.3000750166701,30.7619894501176,299.553597230646,3156.277366166756,-0.0187836786539511,0,1,-1
60.1100183363894,903.3035761002676,29.132843844017074,306.3032492371672,3085.0466089374763,-0.1912255836615861,0,0,1
60.21003500583431,906.3120788509482,30.974623423022813,310.58410511328566,3070.3867938156995,-0.2314062745716117,0,0,1
60.31005167527922,909.3255832687124,31.51066369644456,308.13958983254344,3068.909076265288,0.1640158591392743,0,0,1
60.41006834472413,912.34408935356,30.618469075585764,305.74273527451146,3126.702511537268,-0.9068081637217016,0,1,-1
60.51008501416903,915.3675971054907,32.13183831964258,297.54267920997984,3099.5764505107463,-0.1106070450939861,0,1,-1
60.61010168361394,918.3961065245054,29.5312616427034,302.012385989525,3093.41710303783,1.1619211929982205,0,1,-1
60.710118353058846,921.4296176106031,29.110404473218004,307.0100135255185,3116.152124596841,-0.5399131891661504,0,0,1
60.81013502250375,924.4681303637844,28.6263472623476,302.14514315231537,2971.377253668383,0.6457769531342094,0,1,-1
60.91015169194866,927.5116447840492,31.951120157463517,307.1078124691887,3086.974745153087,0.031214401491944,0,0,1
61.01016836139357,930.5601608713972,31.159449837050843,309.5097338802151,3079.9431446984195,-0.2978126438617761,0,0,1
61.11018503083847,933.6136786258286,30.49950784450878,310.9235329320844,3150.0004654395734,-0.6568304538621884,0,1,-1
61.210201700283385,936.6721980473436,30.885069476461517,299.9901233809649,2987.6779866340653,0.0734332944238724,0,1,-1
61.31021836972829,939.735719135942,29.529620137565768,317.1142521118676,3139.5160034214696,0.7299424577199211,0,1,-1
61.4102350391732,942.8042418916236,33.150869499203424,309.978420226688,3062.978374417939,-0.1903659848875092,0,0,1
61.51025170861811,945.8777663143892,30.88434703628428,306.14245440251653,3081.210599219748,-0.0368885937390868,0,0,1
61.61026837806301,948.9562924042376,30.9145289836364,311.6087097531895,3138.1122237617496,0.5087856201107117,0,0,1
61.71028504750792,952.03982016117,31.58090914765265,317.9980673647506,3079.911464890371,0.1742175642524337,0,1,-1
61.81030171695283,955.1283495851854,31.386160090213128,298.98742966641095,3069.4508869223423,-0.782409632430861,0,1,-1
61.91031838639773,958.2218806762844,31.179043217478,305.06471862618304,3059.1080549860467,0.0531151944203941,0,0,1
62.010335055842646,961.3204134344668,30.21469307247601,294.30887520621764,3020.382562919058,0.7595339924249025,0,1,-1
62.11035172528755,964.4239478597326,31.52664421977977,307.1742928357689,3040.6969365820155,-0.0147035076211787,0,0,1
62.210368394732455,967.5324839520816,32.98720869384126,308.04800804909894,3003.9126252471,-1.366554755552083,0,1,-1
62.31038506417737,970.6460217115144,32.50061257824366,306.0352279292039,3035.0287353768863,0.198152612524214,0,0,1
62.41040173362227,973.7645611380304,32.798387493450534,302.9683723183707,2918.0313067830743,-0.0950949453654532,0,0,1
62.51041840306718,976.88810223163,30.743993525102404,296.0034692593651,3053.85252423939,-0.9109924595012788,0,1,-1
62.61043507251209,980.016644992313,30.315612715997464,308.12871192431004,3023.8883287805406,-0.8361614850374345,0,1,-1
62.710451741956994,983.1501894200792,31.229438950878848,313.54821759377234,3010.741590075875,0.4912388846836086,0,0,1
62.8104684114019,986.2887355149288,31.46095911798965,303.32595456247304,3036.1182048249925,-0.3624424811184383,0,0,1
62.91048508084681,989.4322832768624,32.54943405889436,308.4913481532004,2951.0325649275032,-0.4496887227111468,0,0,1
63.01050175029172,992.5808327058788,29.81278624543104,298.4603286079289,3116.7566565346265,-0.0145048627761977,0,1,-1
63.11051841973663,995.7343838019792,33.08480952932893,308.59711716043626,3012.7391128891827,-0.3178819992833175,0,0,1
63.21053508918153,998.8929365651624,31.447259646011776,304.3541420201949,3008.171525660622,0.0537694197046202,0,0,1
63.31055175862644,1002.0564909954292,31.2283948093658,302.51896542284805,2964.782128688616,-0.0976749864850064,0,0,1
63.41056842807135,1005.2250470927796,30.693179838775507,302.53923863672645,3011.8393792000447,-0.5964564972487817,0,1,-1
63.510585097516255,1008.3986048572136,30.10043587689236,304.3830005995866,3077.582102927018,-0.2522116390590863,0,0,1
63.61060176696116,1011.5771642887306,32.628471467442495,308.2732267551588,3057.623893132576,0.2254594464466632,0,0,1
63.71061843640607,1014.7607253873314,31.92862718539144,299.81024583766305,3046.145868837102,0.0248389682067871,0,1,-1
63.81063510585098,1017.9492881530152,30.615356653184435,304.3954868527458,3028.3417503148794,-0.0374504775621219,0,0,1
63.91065177529588,1021.1428525857826,30.66024711558433,306.1837062875338,2980.6944190992617,0.9722247146030394,0,1,-1
64.01066844474079,1024.3414186856337,31.669549523080267,300.9058707218148,2923.71504962919,0.3693256709889614,0,0,1
64.1106851141857,1027.544986452568,33.724364082382245,315.39439451979365,2983.7748501136366,0.4306378230404263,0,1,-1
64.21070178363061,1030.753555886586,31.845759540451706,302.15359277805635,2979.638712894317,-0.079127736994619,0,0,1
64.31071845307551,1033.9671269876867,30.652216273419647,303.0838872771401,3041.479420673692,0.1136030704726247,0,0,1
64.41073512252042,1037.1856997558714,31.959624497174268,301.54953376313955,3002.1185470055816,-0.211661234464525,0,0,1
64.51075179196533,1040.4092741911395,31.982652326234994,315.4434756148871,3064.875839563017,0.3926701998343743,0,1,-1
64.61076846141023,1043.6378502934908,29.608497587763544,309.2256029891384,3041.7478390184697,-0.0519365235961891,0,0,1
64.71078513085514,1046.8714280629258,32.30109769890976,301.7881184818673,2956.663689425455,0.115175760543968,0,0,1
64.81080180030006,1050.1100074994442,32.17446636994135,312.0122379743299,2887.34897546227,0.08425592319355,0,0,1
64.91081846974495,1053.3535886030456,33.1516155996859,307.4945753184189,3044.003068365797,-0.0048436256815114,0,0,1
65.01083513918987,1056.602171373731,34.35437366454028,307.7873506194765,3040.3143436641435,1.4737131044678566,0,1,-1
65.11085180863478,1059.8557558114996,33.681990933865144,304.7886991371012,2901.6571817265917,-0.3289057694264126,0,0,1
65.21086847807969,1063.1143419163518,32.33654554848501,302.7740069130231,3043.0543424453945,-0.3338585818305618,0,0,1
65.31088514752459,1066.377929688287,31.548916665020624,308.2199190100255,2984.324680058407,0.3508216439261827,0,0,1
65.4109018169695,1069.646519127306,35.27881071173461,303.815654031719,2970.881474882711,-0.2926559204654034,0,0,1
65.51091848641441,1072.9201102334084,32.814677677221695,315.6348699965169,3041.2166379909827,-0.1415650399815227,0,0,1
65.61093515585931,1076.198703006594,32.8193968698426,300.21463798937043,3025.343904579747,-0.5390659253964153,0,1,-1
65.71095182530422,1079.482297446863,32.83135082554211,314.2518790468052,2988.310257979072,0.2499220857794373,0,0,1
65.81096849474913,1082.7708935542155,33.10356900814242,306.0245026054859,2977.0405204377985,0.2563538188977907,0,0,1
65.91098516419403,1086.0644913286517,32.811132170173074,308.0865271865249,2981.837229234904,-0.1534589487867622,0,0,1
66.01100183363894,1089.363090770171,32.43183890993924,310.7668890165111,2928.6543798564644,0.3614333132249638,0,0,1
66.11101850308386,1092.666691878774,32.50865031030153,303.4598553752862,2943.5438036761257,-0.9250150302333215,0,1,-1
66.21103517252875,1095.97529465446,33.07276431604838,310.94234544074607,2898.826529305248,-0.3492108554938077,0,0,1
66.31105184197366,1099.2888990972297,32.61210114985307,293.0933859072915,2924.9357938716894,-0.0809116456693029,0,1,-1
66.41106851141858,1102.607505207083,32.492688473032125,303.04115918503214,2920.9033675928245,-0.5820984572014526,0,0,1
66.51108518086347,1105.9311129840191,33.36197281812363,302.030794481381,2905.118953650559,-0.8700522282670731,0,1,-1
66.61110185030839,1109.2597224280394,33.050573707733335,300.39358012317206,2941.3725881021296,-0.1497388634890853,0,1,-1
66.7111185197533,1112.5933335391428,34.85955224845934,305.5963376615806,2915.9891400016018,0.3517962590143064,0,0,1
66.8111351891982,1115.9319463173294,30.754597786206087,308.6098633598283,2954.9547153473795,0.6446117560463156,0,0,1
66.91115185864311,1119.2755607625998,34.547082781244015,310.2044151783608,2846.383621183039,-0.2689616705748355,0,0,1
67.01116852808802,1122.6241768749535,34.75166945654164,307.90550063881085,2919.490458884876,0.3713580399974917,0,0,1
67.11118519753292,1125.9777946543904,31.482202366358308,303.3826511952856,2929.3962000671663,0.3220257872551175,0,0,1
67.21120186697783,1129.336414100911,33.26291333940857,308.5662023758236,2904.949446762204,0.6135779191760619,0,0,1
67.31121853642274,1132.700035214515,33.28416840221558,307.3525503278965,2909.525434190415,-0.1708151622117717,0,0,1
67.41123520586764,1136.068657995202,32.298105908216,311.4214043602669,2836.5487973068507,-0.8952642296330233,0,1,-1
67.51125187531255,1139.4422824429732,32.9778092500654,310.63580870218885,2931.3028484806823,0.0392800491634611,0,0,1
67.61126854475746,1142.8209085578276,32.6950584269129,306.9135089240789,2943.5290530277784,-0.5027943576426532,0,0,1
67.71128521420236,1146.204536339765,35.60791305052481,302.284863490614,2933.4972430183325,-0.356709861907153,0,0,1
67.81130188364727,1149.593165788786,34.8413293349711,303.5163794092043,2958.430217954817,-0.145829468737474,0,0,1
67.91131855309219,1152.9867969048908,35.22721437154025,304.04218505711907,2914.245692722777,-0.1645529376305323,0,0,1
68.0113352225371,1156.3854296880788,34.72733967531178,305.22480185267244,2925.780478205249,0.0755216448222581,0,0,1
68.111351891982,1159.78906413835,32.92662417477377,308.1513873271469,2907.330020635618,0.3557498630211701,0,0,1
68.21136856142691,1163.1977002557048,33.58116401443368,310.397008806783,2931.5839405476013,-0.1794954918555938,0,0,1
68.31138523087182,1166.6113380401432,34.64506717666383,306.5755450580103,2816.027698446996,0.2025634229408014,0,0,1
68.41140190031672,1170.0299774916646,32.98357314126641,306.92176412953404,2847.8947608872318,0.0115968669617336,0,0,1
68.51141856976163,1173.4536186102698,34.968707715053206,307.56767338197614,2969.6052730348897,0.4725701567261378,0,0,1
68.61143523920654,1176.8822613959585,34.06539222144514,304.2816169582589,2764.926830358956,-0.089770349355599,0,0,1
68.71145190865144,1180.31590584873,33.980905146776124,302.2441839026504,2878.629905156496,-0.0349648087160094,0,0,1
68.81146857809635,1183.7545519685857,35.116694257251666,298.1039573712561,2941.944577236852,-0.1823270902169934,0,1,-1
68.91148524754126,1187.1981997555242,34.90000593525667,303.41540173436977,2876.3616695351398,-0.0763244634476112,0,0,1
69.01150191698616,1190.6468492095462,34.144784792674,309.2668774580375,2858.4698672661525,-0.3871929538181758,0,0,1
69.11151858643107,1194.100500330652,35.71508909657979,303.3965946684453,2882.88906570136,-0.4362183332712842,0,0,1
69.21153525587599,1197.559153118841,33.524704300338094,305.7321183384579,2856.4613754037764,0.3922373933300922,0,0,1
69.31155192532088,1201.0228075741134,35.271711569604705,309.26331162959366,2873.361101633572,-0.5366747010379415,0,0,1
69.4115685947658,1204.4914636964693,35.29888555535128,309.5446043415899,2835.352656338372,-0.1546235649307992,0,0,1
69.51158526421071,1207.9651214859089,34.446246192791364,301.55349426559087,2922.6603474371277,0.5123205085814737,0,1,-1
69.6116019336556,1211.4437809424312,35.13193398906992,311.9464569756338,2936.0966264045537,-0.171472072999206,0,0,1
69.71161860310052,1214.9274420660377,33.60469572516496,312.6079123070876,2855.972452326418,0.4187498783912888,0,0,1
69.81163527254543,1218.416104856727,35.82984465547962,301.3319142411617,2791.0279181799733,-0.2904020232565338,0,0,1
69.91165194199033,1221.9097693145,34.77092383455218,302.8719808459933,2831.8724827173905,-0.520825256087688,0,0,1
70.01166861143524,1225.4084354393567,34.48311128519858,312.9566202768745,2846.579290017777,-0.7927517124109984,0,1,-1
70.11168528088015,1228.912103231297,36.10485186627697,306.27690092181155,2878.771576965816,0.6615810535410384,0,0,1
70.21170195032505,1232.4207726903196,34.40150728461977,295.92228045777324,2800.811708905413,-0.5638011255250649,0,1,-1
70.31171861976996,1235.9344438164264,33.74739801352142,300.03276433831354,2810.473816459556,0.3780177405663202,0,1,-1
70.41173528921487,1239.453116609617,33.649238471083535,305.7943254030591,2872.1871255367773,-0.4955799188990591,0,0,1
70.51175195865977,1242.9767910698902,35.86188593067553,301.235961944443,2891.3219689636485,0.6638241581631883,0,1,-1
70.61176862810468,1246.5054671972473,34.02545496155606,304.99405800962825,2811.021854828996,1.1079041371935858,0,1,-1
70.7117852975496,1250.039144991688,37.11068683075917,307.23315959817285,2773.1675536674006,-0.8376738946926063,0,0,1
70.81180196699451,1253.577824453212,33.323971575613534,314.3924532168731,3001.7629838030234,-0.5380856314301651,0,1,-1
70.9118186364394,1257.1215055818188,37.15236568650974,305.63891228250503,2874.452769608865,0.3921729367649196,0,0,1
71.01183530588432,1260.6701883775097,35.716935120144775,312.4638925284523,2819.6696688710235,0.2616024213806339,0,0,1
71.11185197532923,1264.223872840284,35.45921287579422,314.25498600771675,2874.205533678197,0.3934517995778068,0,0,1
71.21186864477413,1267.782558970141,35.06101523557811,314.2927352112378,2822.267063644897,-0.2820235683085071,0,0,1
71.31188531421904,1271.3462467670822,36.05507877146159,308.55496149834977,2869.585475651781,0.998968218235836,0,1,-1
71.41190198366395,1274.9149362311068,35.66831628940713,297.32474445917154,2831.936836540597,0.0640885989501107,0,1,-1
71.51191865310885,1278.4886273622144,36.85926120857095,309.4553161923302,2826.2721249568654,-0.6029851175259195,0,0,1
71.61193532255376,1282.067320160406,35.92019530993892,312.40319297132305,2813.7725965293184,-0.1214213218139824,0,0,1
71.71195199199867,1285.6510146256803,36.00627775746121,306.7658596720228,2744.827588210886,-0.5965997944039442,0,0,1
71.81196866144357,1289.2397107580384,35.54237211850793,315.9041162165206,2911.8481684039875,0.8004904785706436,0,1,-1
71.91198533088848,1292.8334085574802,35.89904704172317,311.49036634042614,2765.615298135792,-0.3250202291861187,0,0,1
72.0120020003334,1296.4321080240052,36.31380276905876,310.04256708579726,2742.4411867716617,0.2515363690875489,0,0,1
72.1120186697783,1300.0358091576134,34.34584094223252,312.643105423007,2797.5515421703058,-0.2307202841179349,0,0,1
72.2120353392232,1303.6445119583052,34.75783224750589,308.8880527902267,2757.8749141973617,-0.3029414776990054,0,0,1
72.31205200866812,1307.2582164260807,36.89929009835677,294.7671527038901,2801.118630315528,-0.9496158886594944,0,1,-1
72.41206867811302,1310.876922560939,36.37689977718445,304.74551211045946,2835.850022211386,0.3044049323009621,0,0,1
72.51208534755793,1314.500630362881,36.07205933742628,313.2370486709951,2848.986328282976,0.6547978588187351,0,1,-1
72.61210201700284,1318.129339831907,36.324484941566816,303.22325350120883,2837.7188649097857,-0.4526852750843418,0,0,1
72.71211868644774,1321.7630509680157,36.70364104858554,306.1538493424601,2779.463662327229,-0.7671765084205605,0,0,1
72.81213535589265,1325.4017637712082,35.866307997636966,302.0570319660739,2794.989581920831,0.4067917902534813,0,0,1
72.91215202533756,1329.045478241484,35.67777128726647,316.2108281785426,2810.670456356237,-0.8180534882541431,0,1,-1
73.01216869478246,1332.694194378843,36.70192960248891,315.70867915656834,2700.155432260337,0.6152038806258497,0,1,-1
73.11218536422737,1336.347912183286,35.57771990449866,302.8918740607191,2814.344123053212,-0.4471654256655677,0,0,1
73.21220203367228,1340.006631654812,37.01435377255061,308.0577102053126,2710.721791773885,-0.5460917771308818,0,0,1
73.31221870311718,1343.6703527934212,34.953525747320754,303.9287516314915,2883.377736293858,0.1290490453987982,0,0,1
73.4122353725621,1347.3390755991145,37.73527332360669,310.4159467324131,2758.910082976166,-0.5132368378194847,0,0,1
73.512252042007,1351.0128000718908,37.22872350341655,309.8996405904124,2767.6692884483,-0.3479193670652228,0,0,1
73.61226871145192,1354.691526211751,37.06216409003984,311.4197547292115,2736.2066802629165,0.1825636717031423,0,0,1
73.71228538089682,1358.3752540186936,37.838833674393925,309.0308207766291,2740.9742979438847,-1.2086824874742736,0,1,-1
73.81230205034173,1362.0639834927204,38.57162546963344,322.05826123697653,2883.960017279986,0.8273792457664283,0,1,-1
73.91231871978664,1365.7577146338306,37.97052942491145,302.251613046925,2815.0581360947917,0.0277460647278846,0,0,1
74.01233538923154,1369.4564474420238,35.16529346328412,298.8482167667406,2688.3656143831704,-0.6415933038381069,0,1,-1
74.11235205867645,1373.1601819173009,35.77659906260252,305.4457842023603,2838.824237370517,-0.5035206840715777,0,0,1
74.21236872812136,1376.8689180596614,36.48136578636501,299.5812955450108,2821.065331091531,0.5011790836687112,0,1,-1
74.31238539756626,1380.5826558691049,37.18228374899396,299.9689271897267,2745.1339871056493,0.3061448865155459,0,1,-1
74.41240206701117,1384.301395345632,37.72386005397471,302.4346669357113,2772.3226166805803,0.6992186425448085,0,1,-1
74.51241873645608,1388.0251364892429,36.53046555507458,302.84029734648743,2754.03549002763,-0.3359974670460343,0,0,1
74.61243540590098,1391.753879299937,37.49298446742757,302.68815303083977,2851.208377289479,0.1540299902022608,0,0,1
74.7124520753459,1395.487623777714,36.600843105319626,310.06233995976163,2710.563322924238,0.2186838845775013,0,0,1
74.8124687447908,1399.2263699225753,36.794716569403455,304.95030156905244,2755.47857399814,0.3531057539407578,0,0,1
74.9124854142357,1402.9701177345194,36.04958161026963,306.5936756670611,2724.5727475156905,0.5688397275934537,0,0,1
75.01250208368062,1406.7188672135471,36.58301779572941,311.97241408087274,2672.131722403674,-0.3532386123560591,0,0,1
75.11251875312553,1410.4726183596586,36.20457477094643,303.67963925140543,2851.171140563727,-0.0518301400893813,0,0,1
75.21253542257043,1414.2313711728527,36.63039445830788,306.1985240487334,2680.318139234487,-0.2996640077989757,0,0,1
75.31255209201534,1417.995125653131,38.70991784261551,309.36005513966614,2829.8448985883083,-0.0200791269000512,1,0,1
75.41256876146025,1421.7638818004923,36.75688549189818,297.8334178730449,2647.98117862029,0.354674269942175,0,1,-1
75.51258543090515,1425.537639614937,40.38867478028997,295.6267309983376,2426.615487079001,-0.8200615356733522,1,1,-1
75.61260210035006,1429.3163990964656,38.29961895105592,309.2918468540236,2751.741394738133,0.5607441740849839,0,0,1
75.71261876979497,1433.1001602450774,38.04114550859236,310.031333279814,2687.222250045992,-0.5636368552433859,0,0,1
75.81263543923987,1436.8889230607722,37.04795993943872,317.902364218186,2755.6167837085814,-0.148117840154222,0,0,1
75.91265210868478,1440.682687543551,38.65663593375138,308.3817395902025,2710.644124127008,0.628175688105669,0,0,1
76.0126687781297,1444.4814536934132,37.43069656282707,311.69996546410346,2779.921535893891,0.1697187792518431,0,0,1
76.11268544757459,1448.2852215103585,38.178352538432655,306.63390532682763,2787.828430101576,0.1757743018799923,0,0,1
76.2127021170195,1452.0939909943872,40.66643559677855,309.10740631962733,2688.227861772964,-0.5832296495583159,0,0,1
76.31271878646442,1455.9077621454996,38.06029949350756,315.9675560873941,2719.22819797566,-0.5160810909702938,0,0,1
76.41273545590933,1459.7265349636957,39.35564105424034,297.0213094549628,2722.392459956288,0.4771277792367204,0,1,-1
76.51275212535423,1463.5503094489743,37.55319963755122,309.7193565003938,2742.0171440707727,-0.2888102748249358,0,0,1
76.61276879479914,1467.3790856013372,38.271395906902605,318.3392105298668,2709.600445428002,-0.2414089946669125,0,0,1
76.71278546424405,1471.2128634207834,40.127193367757535,309.0814496424711,2716.225294161874,0.4888138499273718,0,0,1
76.81280213368895,1475.0516429073125,37.77943400905671,315.9341450295331,2692.3795559090267,-0.5191065656155509,0,0,1
76.91281880313386,1478.8954240609253,40.26885795956386,304.5452211326662,2708.148737940564,0.1415195098117224,0,0,1
77.01283547257877,1482.7442068816215,39.21416967174486,307.54104607643933,2765.122349316163,0.0278926643710086,0,0,1
77.11285214202367,1486.5979913694011,37.99395929511757,307.8789087261453,2730.3698254679434,0.0045924828291362,0,0,1
77.21286881146858,1490.4567775242645,39.23884214478981,296.633331484353,2730.970496485312,-0.2527682829451069,0,1,-1
77.3128854809135,1494.3205653462112,39.628997190083474,301.8903994088404,2729.9050077820143,-0.2833096367406935,0,1,-1
77.41290215035839,1498.1893548352407,39.3282610373964,302.25691481811594,2683.906554319134,-0.5326942615907428,0,1,-1
77.5129188198033,1502.0631459913543,37.1862346900112,311.86162227214294,2705.3855702266305,0.2469524407375434,0,0,1
77.61293548924822,1505.9419388145511,38.07933056879924,312.1220590773451,2633.0344807836186,-0.3281050900325549,0,0,1
77.71295215869311,1509.8257333048311,38.60895744379505,309.391477429402,2748.584214610155,0.490557328665382,0,0,1
77.81296882813803,1513.714529462195,38.832050984968966,311.9018113670924,2543.848196336165,-0.1059998478617215,0,0,1
77.91298549758294,1517.6083272866422,39.57716484634215,306.9705514861494,2676.492902185761,-0.5226298702902613,0,0,1
78.01300216702784,1521.5071267781725,39.18420208444717,313.8109585644005,2735.750940825608,-0.1124807128855554,0,0,1
78.11301883647275,1525.4109279367865,37.72116505952627,307.8552440968076,2608.3702803958104,-0.1996013456570831,0,0,1
78.21303550591766,1529.319730762484,39.48671560396479,308.1106237877256,2694.411921639292,0.511107828963825,0,0,1
78.31305217536256,1533.2335352552643,39.7671118329651,306.50334205122425,2638.24556431212,-0.1778216654063175,0,0,1
78.41306884480747,1537.152341415129,39.76632487033478,311.26355927266286,2651.706395096258,-0.1314271072377281,0,0,1
78.51308551425238,1541.0761492420768,40.337323482680816,305.7453144683607,2715.307987565965,0.7127062649443635,0,0,1
78.61310218369728,1545.0049587361077,40.14047324639754,312.7434671043601,2675.7798751029545,0.260977837709531,0,0,1
78.71311885314219,1548.938769897222,39.815739505799534,302.2105661817342,2562.027031419434,0.8380528367180105,0,1,-1
78.8131355225871,1552.8775827254203,39.3364020498349,302.3867322786177,2612.7930491972133,0.6360138173478138,0,1,-1
78.91315219203202,1556.8213972207018,37.79561516250001,311.3284489948357,2510.6104342748336,-0.4377247000732543,1,0,1
79.01316886147691,1560.7702133830662,39.93620264987104,307.45859581323265,2679.805575474481,0.5017285096445673,0,0,1
79.11318553092183,1564.7240312125143,39.76428045262402,305.6418614723266,2742.6398274772678,0.7693288309805417,0,1,-1
79.21320220036674,1568.6828507090463,39.87817993737874,312.371608882414,2737.241737753772,0.7731339551578214,0,1,-1
79.31321886981164,1572.646671872661,38.37986085908551,304.8950148165507,2633.87510930404,0.5001390238978529,0,0,1
79.41323553925655,1576.6154947033597,38.62556122922001,306.9403172824238,2774.028961020816,0.4899533727908341,0,0,1
79.51325220870146,1580.589319201142,40.80977895768363,314.94746497122594,2647.9724550561486,-0.1441807841381775,0,0,1
79.61326887814636,1584.5681453660068,39.767079285216525,315.65703861686785,2596.4981401232067,-0.4120126272598244,0,0,1
79.71328554759127,1588.5519731979557,40.53814347116826,315.8333196061108,2610.834361956855,-0.1690842531715197,0,0,1
79.81330221703618,1592.540802696988,39.93496948464856,306.57070133703405,2527.566580171075,-0.825641965172447,0,0,1
79.91331888648108,1596.5346338631034,39.986415582736285,314.14484641357046,2718.641956452504,0.6781730400700381,0,0,1
80.01333555592599,1600.5334666963026,40.944951583939,303.25656941674924,2715.9189651660363,-0.1344336934865852,0,0,1
80.1133522253709,1604.5373011965853,39.54063138446808,303.4768208489268,2583.2970411653505,0.6522448618524335,0,0,1
80.2133688948158,1608.5461373639507,40.202805224348886,296.26905762635977,2620.5714324476057,-0.6088776151834541,0,1,-1
80.31338556426071,1612.5599751984005,39.69441749342531,316.3956795659187,2634.640942852744,0.5479590035227874,0,0,1
80.41340223370563,1616.5788146999332,39.7722048894205,303.7214409779902,2579.739515492452,-0.240759661202203,0,0,1
80.51341890315052,1620.602655868549,39.94753732810662,307.4186789915797,2537.900351313849,-0.6354265931574699,0,0,1
80.61343557259544,1624.6314987042488,40.52885155793143,303.5097218476181,2613.03753844627,0.8205791772090965,0,1,-1
80.71345224204035,1628.665343207032,39.877977499356696,311.5471714658547,2605.4030925552506,0.560383134163726,0,0,1
80.81346891148524,1632.704189376898,41.66249058131614,306.20317858756187,2599.9398256638674,0.1134513783543989,0,0,1
80.91348558093016,1636.7480372138482,39.56213548824557,301.56726410592825,2628.401191478121,0.0235577815827273,0,0,1
81.01350225037507,1640.7968867178815,40.31987948102618,310.3096630459678,2686.6480475175663,0.2266800204195206,0,0,1
81.11351891981997,1644.850737888998,40.11702840163581,300.9427017679308,2597.925779118128,0.1041479598758079,0,0,1
81.21353558926488,1648.9095907271983,42.053745678986175,303.93432493234906,2619.512588479381,-0.3883905542280327,0,0,1
81.31355225870979,1652.973445232482,40.85333090586647,297.5969096527406,2645.245659762279,-0.1988561328841497,0,1,-1
81.41356892815469,1657.0423014048486,41.73862900354598,301.02156633182744,2634.522645186549,0.9879511858106336,0,1,-1
81.5135855975996,1661.1161592442993,39.271232425762825,309.04400440836235,2574.0093568426664,1.3425417517856426,0,1,-1
81.61360226704451,1665.1950187508332,41.07385139939152,298.3386800361898,2607.466091008351,0.7886075861548183,0,1,-1
81.71361893648942,1669.2788799244508,41.74644026386815,300.7656332705404,2627.942593898384,0.2467080546949435,0,0,1
81.81363560593432,1673.3677427651512,40.989101792242586,308.16951897992936,2542.068068968675,-0.1616410385249848,0,0,1
81.91365227537923,1677.4616072729357,42.022306512754966,305.4733307470727,2659.5842829236994,-0.3913611200417615,0,0,1
82.01366894482415,1681.5604734478031,40.4895460223117,318.161550074279,2665.9101364390594,-0.3591390303256426,0,0,1
82.11368561426904,1685.6643412897538,42.4661902473201,317.3808512915488,2556.116698125936,-0.2686793918497922,0,0,1
82.21370228371396,1689.7732107987883,43.40574926547623,303.8817579146156,2599.865891132272,1.0840251430321597,0,1,-1
82.31371895315887,1693.8870819749063,40.79402091613978,311.01705998733325,2620.224640634647,0.9102835654173898,0,1,-1
82.41373562260377,1698.0059548181073,40.76136528990112,311.98778634665763,2558.760014514112,0.3802664614515584,0,0,1
82.51375229204868,1702.129829328392,42.71026062314204,305.26398093908284,2608.053064762386,-0.472227511847753,0,0,1
82.61376896149359,1706.2587055057604,42.88645662647751,300.7836692136584,2590.0684582338126,0.4546980161330619,0,1,-1
82.71378563093849,1710.3925833502117,40.83403278831597,308.20988631655354,2506.4447254491533,-0.112147497287902,0,0,1
82.8138023003834,1714.5314628617468,40.98671433309584,307.4171518559678,2600.7353091905084,-1.0692723616572355,0,1,-1
82.91381896982831,1718.6753440403654,41.17512487605365,306.11255941212977,2520.708381966103,0.1508715151942279,0,0,1
83.01383563927321,1722.8242268860668,40.16246730860233,310.51296790474976,2620.615553758464,-0.4141024754780487,0,0,1
83.11385230871812,1726.9781113988522,40.63827420787487,304.5577371958438,2538.036413503109,-0.3969563199116041,0,0,1
83.21386897816303,1731.136997578721,40.60279372232945,302.5613991599206,2561.47589803208,-0.1181499259044231,0,0,1
83.31388564760793,1735.3008854256727,40.88914525869984,308.87680341651,2636.0989628969014,-0.2419747850727204,0,0,1
83.41390231705284,1739.4697749397085,41.67226627113964,310.2712406945497,2590.250590798816,-0.0095684860592957,0,0,1
83.51391898649776,1743.6436661208277,41.9911742257854,302.4681671791495,2509.405946165129,-0.0334488663129868,0,0,1
83.61393565594265,1747.8225589690296,43.3574683207854,313.00184662054966,2510.583588385435,-0.9294871266218327,0,0,1
83.71395232538757,1752.0064534843157,40.858622121954994,299.5189895436584,2529.3156920732044,0.7673114616114981,0,1,-1
83.81396899483248,1756.195349666685,42.891306895892825,305.49082960590505,2576.9660887371606,-0.4835157924066214,0,0,1
83.91398566427738,1760.3892475161372,41.74300398791318,307.10135588543966,2573.1035655563555,-0.4686047863364354,0,0,1
84.01400233372229,1764.5881470326735,41.95753745720871,305.22028167011257,2782.3135382340943,-0.1565768472648037,1,0,1
84.1140190031672,1768.792048216293,42.731828993750206,305.58609953256075,2492.742387299447,-0.0460772559520391,0,0,1
84.2140356726121,1773.000951066996,40.98429581474375,317.77677597880177,2563.141625748785,0.7367211314923413,0,1,-1
84.31405234205701,1777.2148555847823,42.53943591721256,304.1769847890112,2537.9306780633087,0.1427033998193217,0,0,1
84.41406901150192,1781.4337617696524,42.37348671396402,320.64751551350975,2652.8473322222712,0.291140256760668,0,0,1
84.51408568094683,1785.6576696216057,42.74949410448156,310.63704246675,2544.7812065096427,0.1453673550419899,0,0,1
84.61410235039173,1789.886579140642,42.59621981910369,308.92168592159913,2631.6297789294817,0.1237514314944741,0,0,1
84.71411901983664,1794.120490326762,44.81235964982922,310.852613668922,2480.365698231483,0.1640857628049152,0,0,1
84.81413568928156,1798.359403179966,41.76932786038946,321.1310523151879,2458.1935971790185,-0.958759799857229,0,1,-1
84.91415235872645,1802.6033177002523,41.92607922436141,303.5234502162154,2478.820977679365,-0.1172749900468395,0,0,1
85.01416902817137,1806.852233887623,41.88394398766092,302.8993273081352,2592.2543363559885,0.5887940521719293,0,0,1
85.11418569761628,1811.106151742077,42.00161572964789,304.737087586902,2618.577161276838,1.9788870824089608,0,1,-1
85.21420236706118,1815.3650712636136,41.96971405622407,308.6821359715289,2489.638963837629,-0.5944486709259215,0,0,1
85.31421903650609,1819.6289924522343,43.8461260493606,299.90256627958775,2503.697108728748,0.2202205524555804,0,1,-1
85.414235705951,1823.8979153079388,44.12762210096536,308.6531197671881,2466.2554560310846,-0.2766880562113164,0,0,1
85.5142523753959,1828.1718398307255,42.18637989394847,317.019160904608,2432.10321686048,1.0316394561183144,0,1,-1
85.61426904484081,1832.4507660205968,41.974778949316175,309.318463857608,2556.588116836848,-0.669183081241143,0,0,1
85.71428571428572,1836.7346938775515,43.32855841352927,307.10800127655216,2529.802483592924,0.3208718056944172,0,0,1
85.81430238373062,1841.0236234015888,42.35492814758434,305.49062799495493,2517.161416549782,-0.6957074011487511,0,0,1
85.91431905317553,1845.3175545927104,43.59009134434328,313.08399042807537,2444.6213507139864,-0.1507414782737197,0,0,1
86.01433572262044,1849.616487450915,43.21009088216152,304.4722697060718,2594.610781715802,-0.0088173023360154,0,0,1
86.11435239206534,1853.9204219762023,41.54143208103544,317.8434148422028,2485.43548938264,0.5423423258562509,0,0,1
86.21436906151025,1858.2293581685744,44.65468973208519,318.2882356447228,2535.276633508625,-0.5294524485244786,0,0,1
86.31438573095517,1862.543296028029,44.95307053857311,309.91519256640447,2433.86083402464,0.3409935187718371,0,0,1
86.41440240040006,1866.8622355545672,42.594412509715646,308.5838647996568,2495.057841576805,0.0174085786656026,0,0,1
86.51441906984498,1871.186176748189,42.8695079749865,313.80474094819226,2517.1496241090226,0.1445579580903302,0,0,1
86.61443573928989,1875.5151196088943,43.59308326036985,314.1354360850656,2516.933064624924,0.4877098234142444,0,0,1
86.71445240873479,1879.8490641366825,43.691682994354416,304.6414865855764,2506.311734213687,-0.6326816710428872,0,0,1
86.8144690781797,1884.1880103315548,44.06577881176268,306.0486712421345,2521.307034607896,0.4140985468694207,0,0,1
86.91448574762461,1888.5319581935105,45.46744741257866,302.079711401346,2438.0580885020154,-0.274849343592988,0,0,1
87.01450241706951,1892.8809077225487,43.33030398104071,310.7467749333772,2502.457539940081,0.556339714752271,0,0,1
87.11451908651442,1897.2348589186715,42.75896229871876,312.04459132593587,2496.283187995418,0.1753829559620519,0,0,1
87.21453575595933,1901.593811781877,42.227948649965136,301.9718253862896,2500.186926697003,-0.0969298807240735,0,0,1
87.31455242540424,1905.9577663121663,42.926346172760205,306.4554607184597,2490.2301352562813,-0.2868222182820757,0,0,1
87.41456909484914,1910.3267225095387,43.674157574550776,302.00518732157815,2420.96340956066,0.420234695034325,0,0,1
87.51458576429405,1914.7006803739948,45.551850745664815,304.2574595252102,2416.74682520655,0.6401290965156908,0,0,1
87.61460243373897,1919.0796399055343,43.289689917833314,311.5165455445054,2369.9377574908467,-0.2580443234073128,0,0,1
87.71461910318386,1923.4636011041569,44.08109750323083,305.104051576927,2519.5438343965843,-0.5576937682536258,0,0,1
87.81463577262878,1927.8525639698637,43.890894990241634,307.27733379710133,2518.067513386273,0.3558105396562953,0,0,1
87.91465244207369,1932.2465285026533,45.14571949448493,300.6549066044708,2516.8812670625566,-0.7148516437567551,0,1,-1
88.01466911151859,1936.6454947025256,46.53426698163292,309.7364179597752,2488.0639495650166,-0.6425027529060582,0,0,1
88.1146857809635,1941.0494625694828,43.52647411756143,308.5901019788731,2364.0907725679112,-0.5228424627604074,0,0,1
88.21470245040841,1945.458432103523,43.61791178268598,305.176673994875,2417.435072681644,-0.1991684024895091,0,0,1
88.31471911985331,1949.8724033046456,45.20152043699573,307.8864004235729,2475.316812507724,-0.6587195168612203,0,0,1
88.41473578929822,1954.2913761728528,44.88925938427542,309.74294798144706,2471.5989654007512,-0.9601347583884569,0,0,1
88.51475245874313,1958.7153507081437,46.1040835551076,304.7771345013276,2451.714256249459,-0.5577351706102458,0,0,1
88.61476912818803,1963.1443269105168,44.89131274941998,301.4801641928099,2479.327705449063,0.3305036018181203,0,0,1
88.71478579763294,1967.578304779974,43.99810080802941,317.8993507431974,2459.4961845740863,-0.6270082465970337,0,0,1
88.81480246707785,1972.0172843165144,44.99805606423124,305.7151167231564,2462.985450583053,-0.1608068298450578,0,0,1
88.91481913652275,1976.461265520138,45.56611314884428,308.40768139771785,2423.028561749943,0.9830109842899656,0,1,-1
89.01483580596766,1980.9102483908457,45.3279000841812,313.9556822556984,2502.118850495996,-0.0150664554149417,0,0,1
89.11485247541258,1985.3642329286367,45.06470026881359,326.55676118539367,2429.517764009508,0.1806321549733309,0,1,-1
89.21486914485747,1989.8232191335103,45.67410926201789,302.6990546650414,2613.9004769854737,-0.4632936959450113,1,1,-1
89.31488581430239,1994.2872070054684,45.826738497596864,311.1806246500628,2408.5871866522466,1.0915555940647088,0,1,-1
89.4149024837473,1998.7561965445095,46.08961023291118,305.4037288219042,2427.756574812,-0.2606691841352664,0,0,1
89.5149191531922,2003.2301877506336,45.40616946418574,306.25754039243566,2492.924336322436,-0.1044855478303949,0,0,1
89.61493582263711,2007.7091806238416,44.6403498310017,305.3604334772298,2439.156673691069,0.6676521502577902,0,0,1
89.71495249208202,2012.1931751641332,45.00418993247433,303.3432204102053,2430.0101023072066,-0.0815355614454829,0,0,1
89.81496916152692,2016.682171371508,46.11399354727182,308.7750401072294,2374.933343343848,0.0339373923844203,0,0,1
89.91498583097183,2021.1761692459663,44.14055724449868,301.618985147856,2474.6912058347025,-0.1320017662672504,0,0,1
90.01500250041674,2025.675168787508,45.37617455908127,313.735538082601,2400.871589589996,-0.1278671158540391,0,0,1
90.11501916986164,2030.1791699961332,44.66417077260347,309.286516597153,2426.521483231679,0.194387363955058,0,0,1
90.21503583930657,2034.6881728718413,45.136262742588094,311.1336784484379,2503.587265603999,0.2858799062404431,0,0,1
90.31505250875146,2039.2021774146333,46.43597811698303,306.70056219114406,2453.073069342044,-0.3114321658745709,0,0,1
90.41506917819638,2043.721183624509,45.39863365711809,307.20548724676087,2344.28054563794,-0.3734778884626897,0,0,1
90.51508584764127,2048.245191501468,45.30397947197679,310.48932811060075,2335.2776344015665,-0.2950615127159167,0,0,1
90.6151025170862,2052.77420104551,43.94769511756317,303.2412570896795,2418.599073628012,-0.6918908913579926,0,0,1
90.7151191865311,2057.308212256636,46.10381315929277,307.2815597465864,2359.240565783226,-0.7852283684016337,0,0,1
90.815135855976,2061.8472251348444,46.05305210912908,304.7834460162053,2450.3694835397214,0.1585392683380267,0,0,1
90.91515252542092,2066.391239680137,47.62083098601592,304.638671199587,2418.1213970364392,0.4802511621116189,0,0,1
91.01516919486582,2070.940255892513,45.19980636247991,298.5523257163584,2422.345126630404,0.444968071512556,0,1,-1
91.11518586431072,2075.494273771972,45.7767432598193,315.8081515338311,2376.8079190118974,-1.181207636285463,0,1,-1
91.21520253375564,2080.053293318515,45.85698495058857,305.6888264876067,2497.2849950608056,-0.1126960881445995,0,0,1
91.31521920320054,2084.6173145321413,47.23506288136375,314.9484021961378,2550.417775951959,-0.5403455977460313,0,0,1
91.41523587264544,2089.18633741285,45.61232240393577,314.485485194236,2392.432672436922,0.0815580520993838,0,0,1
91.51525254209037,2093.7603619606434,46.03664779681552,302.72152672162656,2422.089230704019,-0.198966086999936,0,0,1
91.61526921153526,2098.3393881755205,46.41553111548417,303.7194707427893,2407.3850344480047,0.3061352651134003,0,0,1
91.71528588098016,2102.92341605748,46.04425206364644,321.97404338487644,2387.608261256069,0.0003737720341019,0,0,1
91.81530255042507,2107.512445606523,45.46121766066201,317.9361599646782,2357.0690550664194,-0.9384015589641334,0,1,-1
91.91531921987,2112.10647682265,46.1517496028333,309.0339393553465,2342.5056887663486,-0.4735267639456259,0,0,1
92.01533588931488,2116.70550970586,47.08129969451721,310.48839912101823,2338.0572689855444,0.013493511683855,0,0,1
92.1153525587598,2121.309544256154,45.03116097996884,306.05730324114,2413.1837108675977,0.0544024066694186,0,0,1
92.21536922820472,2125.9185804735307,46.24065428824923,311.38330049382216,2365.024094988872,-0.692767492403437,0,0,1
92.3153858976496,2130.532618357991,45.45757213388563,305.6456290861526,2260.180816456236,-0.758632624652197,0,0,1
92.41540256709452,2135.151657909535,47.4027479124721,299.07977143521754,2409.427539588364,0.0389323639122099,0,1,-1
92.51541923653944,2139.7756991281626,44.73452271348594,302.64376299109864,2383.3622623380625,-0.6926571868772508,0,1,-1
92.61543590598431,2144.4047420138727,45.74879610572057,309.36700732985133,2450.7012015194264,-0.8245435425046143,0,0,1
92.71545257542924,2149.038786566667,46.73493816277914,303.61620908003,2400.1174221559118,-0.2121904410216789,0,0,1
92.81546924487417,2153.677832786545,47.973258651671415,308.94515959991975,2305.6228979813245,-0.2330344093923268,0,0,1
92.91548591431906,2158.3218806735063,46.39199269608655,303.9182433942676,2266.169544679876,-0.4290355738148688,0,0,1
93.01550258376396,2162.97093022755,45.95255176518878,305.38978064586644,2339.778078624616,-0.3419740530341398,0,0,1
93.11551925320887,2167.624981448678,48.43891669604503,313.5773784573868,2342.596168920089,0.0184239779118479,0,0,1
93.2155359226538,2172.2840343368894,45.15975406091065,310.5589563304659,2419.1108618896537,-0.350659434010009,0,0,1
93.31555259209868,2176.948088892184,44.45897033942926,309.2832331526432,2369.6122356661226,0.044368715304674,0,0,1
93.4155692615436,2181.617145114562,47.14779908082513,313.7363767915076,2424.844604968002,-0.1795904093684338,0,0,1
93.51558593098852,2186.291203004024,46.25573874114164,311.7546015598356,2300.0244411883496,0.0939053014069095,0,0,1
93.6156026004334,2190.970262560568,45.78656848308599,316.5943767163002,2412.63674201822,0.4488967053992236,0,0,1
93.71561926987832,2195.654323784197,47.56616608223851,307.07226561541216,2398.5319230001205,0.4305410481036129,0,0,1
93.81563593932324,2200.343386674909,47.151618683432815,307.2333887012948,2259.681214779373,0.6547515629738154,0,0,1
93.91565260876811,2205.037451232704,46.39374767364733,302.88601892892007,2424.8357787195973,0.4292392047577359,0,0,1
94.01566927821304,2209.736517457583,45.72753024043563,307.2566633409592,2361.491287625027,0.1290371465466904,0,0,1
94.11568594765797,2214.440585349545,47.93030030210912,314.23541806627804,2374.535573477032,-0.2055560976624656,0,0,1
94.21570261710283,2219.14965490859,47.75805248651009,315.92150712302094,2309.805035569017,-0.1828360523556242,0,0,1
94.31571928654776,2223.8637261347194,47.0586837794945,314.2330977690881,2414.9301911974576,-0.4283022574325915,0,0,1
94.41573595599267,2228.582799027932,49.054504974044,300.4706142628521,2289.9947286995416,0.0142020199163832,0,0,1
94.51575262543756,2233.306873588227,46.18779154639263,314.86730132584745,2389.0129547355964,0.3587320730133795,0,0,1
94.61576929488248,2238.0359498156067,45.7823594765165,300.26898381312793,2386.5612391100794,-0.3530424162094699,0,0,1
94.7157859643274,2242.7700277100694,46.66598491228245,313.96216521704446,2294.94650704412,-0.0082726750625862,0,0,1
94.8158026337723,2247.5091072716154,47.362315300530646,307.642657630522,2440.9490720012523,-0.3278978625735113,0,0,1
94.9158193032172,2252.253188500245,47.70124910093129,313.00424849999104,2351.4838288576275,0.1156837661849168,0,0,1
95.01583597266212,2257.002271395958,47.26668192847473,302.8393418577934,2370.7305462170543,-0.2639707702427429,0,0,1
95.115852642107,2261.756355958754,47.9099817175678,315.3674234277414,2259.8098836354397,-0.3586092190547416,0,0,1
95.21586931155193,2266.515442188634,46.35639523158552,302.1967132006307,2440.1839268961567,-0.3298408002711159,0,0,1
95.31588598099684,2271.2795300855973,49.10170759457168,306.1893140438338,2271.202577526516,0.2636353816879337,0,0,1
95.41590265044174,2276.048619649644,47.6258001468283,304.551117126199,2381.80923722137,-0.0374181524246616,0,0,1
95.51591931988663,2280.8227108807737,48.875255491531455,300.7801676678761,2278.9623127907284,-0.2024004416223394,0,0,1
95.61593598933156,2285.601803778988,48.150693341043485,310.0342314368755,2295.888932514738,0.1420109837327557,0,0,1
95.71595265877647,2290.3858983442847,48.31472954854202,318.60204085506246,2364.415038494357,-0.1958373903454568,0,0,1
95.81596932822136,2295.1749945766646,48.47775194434289,322.9161230444222,2374.4954241084997,0.5747918779563899,0,1,-1
95.91598599766628,2299.9690924761285,48.40570155885046,310.0773775351979,2257.695515384879,-0.4754498533381253,0,0,1
96.0160026671112,2304.768192042676,48.65072409342314,315.18500664204873,2373.9267618109075,-0.0818327551062596,0,0,1
96.11601933655608,2309.572293276306,49.38716219841048,310.7720751232983,2369.7970885452187,-0.6902066011651318,0,0,1
96.216036006001,2314.3813961770206,48.30453917270197,312.1160195744412,2268.796787502189,-0.1620234613805698,0,0,1
96.31605267544592,2319.195500744818,48.86703009531147,307.9208620119084,2393.7747143185347,-0.8280131237161973,0,0,1
96.4160693448908,2324.014606979699,48.11829897815818,310.61699156160205,2239.1488112740394,0.3844449875300183,0,0,1
96.51608601433573,2328.8387148816632,49.69816022261734,312.3390021244657,2278.9039017631326,0.3956546007075994,0,0,1
96.61610268378064,2333.667824450711,47.63165903983105,306.76931162399643,2332.244979306437,0.4030455169072134,0,0,1
96.71611935322554,2338.501935686842,50.15900010952358,309.28414043585764,2263.770328867873,0.0271814094476743,0,0,1
96.81613602267043,2343.3410485900567,48.36791006069088,309.3894630072796,2317.7948690075123,-0.4284779793678646,0,0,1
96.91615269211536,2348.185163160355,47.02730124393963,313.82363185586416,2314.814465722607,-0.3896040943595353,0,0,1
97.01616936156026,2353.034279397736,48.63618909569092,304.3714560780176,2291.5651696034843,0.776728899156873,0,1,-1
97.11618603100516,2357.888397302201,47.8770413580277,309.45390756006225,2340.6986044254754,0.7289625115107983,0,0,1
97.21620270045008,2362.7475168737496,49.44874489921376,319.28164761530854,2285.8217041603534,0.0734982014295178,0,0,1
97.31621936989498,2367.6116381123807,48.0054857056451,315.55192269991915,2306.9794342549285,-0.2466066476930889,0,0,1
97.41623603933988,2372.480761018096,48.26193458645517,316.48751884837753,2350.890081257047,0.6956962862202574,0,0,1
97.5162527087848,2377.354885590895,46.86858562344687,309.87378447176866,2331.266372824404,-0.3367868974888557,0,0,1
97.6162693782297,2382.2340118307766,48.355828369865776,311.3666147562531,2329.1999690019056,0.1258735252535283,0,0,1
97.7162860476746,2387.1181397377422,46.43426369720835,314.7828094382821,2230.6086325125784,0.6861696338991436,0,0,1
97.81630271711953,2392.007269311792,47.32424853507404,317.5829079193666,2312.4772144122994,-0.4074108446494824,0,0,1
97.91631938656442,2396.901400552923,49.71857434942651,300.033617374242,2240.484082782559,0.4270295144103483,0,0,1
98.01633605600934,2401.800533461139,49.7939681866555,303.22442707035174,2218.511172545249,0.2727536662324726,0,0,1
98.11635272545423,2406.7046680364383,49.48363392451209,316.35885577955867,2277.170964762598,-0.0075123121302261,0,0,1
98.21636939489916,2411.61380427882,48.14120855432036,308.4371901606459,2233.7173434577453,-0.4854145140499132,0,0,1
98.31638606434406,2416.5279421882865,49.11048167603005,306.47303466014404,2316.640268448719,-0.3502426271416188,0,0,1
98.41640273378896,2421.447081764836,49.20459882780392,303.5708353384009,2316.0148930438686,0.1567700915804406,0,0,1
98.51641940323388,2426.3712230084693,48.0998450124244,307.07655843260284,2178.3370024599035,-0.7003941913376179,0,0,1
98.61643607267878,2431.300365919185,50.81161633810654,302.8497971901488,2230.2348370299314,0.0786156391346244,0,0,1
98.71645274212368,2436.234510496985,50.23558866163752,320.3271166378748,2196.8437344809704,0.2833283376001726,0,0,1
98.8164694115686,2441.1736567418684,49.18727053195464,309.769466681254,2244.8861614929133,0.5046422264869749,0,0,1
98.9164860810135,2446.1178046538344,49.48512887950128,309.6018958992878,2288.962418077009,-0.6869314916397916,0,0,1
99.0165027504584,2451.0669542328847,49.71663418317676,312.84203365088496,2252.2766897896395,0.6705399434944358,0,0,1
99.11651941990333,2456.0211054790184,47.51652484152737,314.72337778832315,2233.092042473762,0.858566144606971,0,1,-1
99.21653608934822,2460.980258392234,49.36109066215352,314.65109439170806,2325.7791891904203,0.2172329473711975,0,0,1
99.31655275879314,2465.9444129725352,48.97629213139877,315.2997649954172,2143.7193099381216,-0.5071424495441932,0,0,1
99.41656942823803,2470.913569219919,48.70666470422411,306.7874291888695,2318.999015179917,-0.1523625876831231,0,0,1
99.51658609768296,2475.887727134386,49.47719275595552,308.462324584984,2228.1357028434945,-0.0115573443972085,0,0,1
99.61660276712786,2480.8668867159363,51.605987910413454,313.8068185539242,2249.6408078983063,0.1491043521335108,0,0,1
99.71661943657276,2485.8510479645706,50.4991525795534,307.3347166354592,2225.375675171176,0.0239937832826449,0,0,1
99.81663610601768,2490.8402108802875,49.33713906322604,309.9561304504656,2327.0872725840018,0.1527224428212477,0,0,1
99.91665277546258,2495.8343754630887,50.53090916908745,311.9854840996703,1929.0884471360223,-0.0323460777273274,1,0,1
100.01666944490748,2500.833541712973,51.40769015903975,313.9275923560426,2246.932056471644,0.1462668485279582,0,0,1
100.1166861143524,2505.83770962994,50.982976740088965,301.12326379958427,2270.920513703933,-0.2168844107752522,0,0,1
100.2167027837973,2510.8468792139915,50.16798176181882,313.59539852782444,2162.2032228321877,-0.156341436685998,0,0,1
100.3167194532422,2515.861050465126,49.51142294891553,308.8630516560656,2194.9646686604515,-0.2757464146216389,0,0,1
100.41673612268713,2520.8802233833435,50.906591374957145,313.5789621665906,2231.758301156558,0.9719473786303824,0,1,-1
100.51675279213202,2525.9043979686453,50.65186178148776,313.9363337409874,2193.0430602908714,0.7450705735575541,0,0,1
100.61676946157694,2530.93357422103,51.20357795081621,318.1012522517535,2194.8072400560964,0.2911980415519173,0,0,1
100.71678613102183,2535.967752140498,50.99356486719289,316.83894685120816,2216.305643307887,0.6760400898746255,0,0,1
100.81680280046676,2541.00693172705,51.45795411555271,316.8145385930982,2264.4912209966283,0.412984202183743,0,0,1
100.91681946991166,2546.051112980685,49.92317452339526,317.31003354282234,2213.09107248716,0.1032045268460024,0,0,1
101.01683613935656,2551.100295901403,51.8258121353126,311.5585785380154,2282.3645057926938,-0.7387346633657471,0,0,1
101.11685280880148,2556.154480489205,50.756026009093134,310.2726107160643,2176.7729683533003,-0.1178813458608097,0,0,1
101.21686947824638,2561.213666744091,52.683695611748455,314.4857723637163,2162.2838314179808,-0.152753043916138,0,0,1
101.31688614769128,2566.27785466606,49.96925525575608,313.79209337193424,2319.417726081096,-0.5539343672839367,0,0,1
101.4169028171362,2571.3470442551115,52.44441521173334,308.59635909802233,2188.424484023898,-0.7285176517349213,0,0,1
101.5169194865811,2576.421235511248,50.9563705267532,312.1758089926995,2154.0001467861057,0.2597161571675594,0,0,1
101.616936156026,2581.500428434467,50.15705007439856,309.98621128167963,2130.6678277666374,0.1749958648983439,0,0,1
101.71695282547093,2586.584623024769,50.374590578681136,305.9020307402468,2269.7518951076463,-0.5707904061570684,0,0,1
101.81696949491582,2591.673819282155,50.58813743926359,316.63400065637336,2197.1591129570083,-0.3598680758799104,0,0,1
101.91698616436074,2596.7680172066243,51.38265902858228,310.4676948290865,2199.7678857856417,0.5943044398758958,0,0,1
102.01700283380563,2601.8672167981767,51.53133690493832,320.4452415718748,2202.7237372509226,-0.4250358096663408,0,0,1
102.11701950325056,2606.971418056813,50.4848097476867,302.0842405993259,2259.5628326644887,0.0983914990771292,0,0,1
102.21703617269546,2612.0806209825328,51.084163494086745,307.4378097530527,2198.1724765104173,-0.0814324347298759,0,0,1
102.31705284214036,2617.1948255753355,53.300796779682045,310.39489946766844,2322.5863499754505,0.2684806650429507,0,0,1
102.41706951158528,2622.314031835222,52.93607792589334,315.9286124393031,2210.3077944773545,-0.4130718549616113,0,0,1
102.51708618103018,2627.438239762192,51.69486676018912,312.24905548111394,2254.94651965033,0.0589862392256255,0,0,1
102.61710285047508,2632.567449356245,51.34655490340574,311.81407405595127,2240.3581993839894,0.0980257908038795,0,0,1
102.71711951992,2637.701660617382,51.47859108667826,304.63539298922126,2196.51417419334,0.128860482481589,0,0,1
102.8171361893649,2642.8408735456023,52.022086067412864,304.4970066327891,2167.229732027248,0.053748863274244,0,0,1
102.9171528588098,2647.9850881409056,50.43578386420649,311.9042385873305,2211.4196251575245,0.1852593037081546,0,0,1
103.01716952825473,2653.134304403293,51.25120822670401,303.48118698373366,2218.57091784462,1.1094738529822723,0,1,-1
103.11718619769962,2658.2885223327635,49.89000902497222,307.6523298683233,2162.6826354632635,1.2931932174047236,0,1,-1
103.21720286714452,2663.4477419293166,52.00782455617754,312.8263069321438,2197.8762406597684,-0.305407881404625,0,0,1
103.31721953658943,2668.611963192954,52.30580570799746,305.42010059227505,2249.618307553109,-1.1446741845518915,0,1,-1
103.41723620603436,2673.7811861236755,51.2254316407178,318.36850343241247,2261.1096228593183,0.311315901957896,1,0,1
103.51725287547924,2678.955410721479,53.33261320102965,316.4714070087374,2227.0282480853625,0.1084530761439656,0,0,1
103.61726954492416,2684.134636986367,50.582869109459736,302.50462696280096,2275.7007262971297,0.5435880625598644,0,0,1
103.71728621436908,2689.318864918338,50.39426822697472,305.70987240552694,2149.348388633976,0.1553659902940097,0,0,1
103.81730288381398,2694.5080945173927,52.13310326046696,298.9528440659066,2214.166965201822,0.0436056146333212,0,0,1
103.91731955325888,2699.70232578353,53.0057580792416,306.4787751425852,2244.2559765041656,0.579495392069511,0,0,1
104.0173362227038,2704.9015587167514,53.69259580280976,314.2336760051324,2130.771876858634,0.6500360123289997,0,0,1
104.1173528921487,2710.1057933170564,51.59979218320541,308.34226057784053,2149.5689731781,-0.6794124322690929,0,0,1
104.2173695615936,2715.315029584444,53.18736561422809,312.7257231742392,2259.0050438722,-0.3931033424953582,0,0,1
104.31738623103853,2720.529267518916,52.12018464601855,302.82006703169515,2121.6175806050264,-0.0385035323579507,0,0,1
104.41740290048342,2725.748507120471,52.03607415030089,314.43161656295786,2101.5801288771418,0.0634422743326219,0,0,1
104.51741956992832,2730.972748389109,53.14236972245083,307.6761958173511,2243.3012046977324,-0.0978310419079314,0,0,1
104.61743623937323,2736.201991324831,52.96104099810004,310.52259203535186,2225.007170050432,0.2321070760322674,0,0,1
104.71745290881816,2741.4362359276365,50.782334297424825,310.00737278391654,2185.0432899565085,0.5112733891608847,0,0,1
104.81746957826304,2746.6754821975246,53.885275138857416,304.1240043533649,2159.421394042519,0.8771735411200309,0,1,-1
104.91748624770796,2751.919730134497,53.83883447800143,304.7263269660719,2138.051744465841,0.3052333607792993,0,0,1
105.01750291715288,2757.168979738553,51.8831887570669,315.3407226367324,2172.347834254708,-0.4120689481479821,0,0,1
105.11751958659777,2762.423231009692,52.95456332673629,312.50671274616826,2235.514540993364,-0.058690211125162,0,0,1
105.21753625604268,2767.6824839479136,53.10279831430408,315.7719988333714,2166.727682625152,-0.0225499568513121,0,0,1
105.3175529254876,2772.94673855322,52.919450228567705,312.1550464700614,2261.4239024066374,0.2722877743711315,0,0,1
105.41756959493247,2778.2159948256085,52.15847964362082,311.2567101335393,2106.4567809166315,0.2084086948091119,0,0,1
105.5175862643774,2783.4902527650816,52.087169764250646,301.9217055331039,2148.64916096221,1.039463964700423,0,1,-1
105.61760293382233,2788.769512371638,52.78324739591971,309.2099268095764,2129.260959999432,-0.2159057538695353,0,0,1
105.7176196032672,2794.053773645277,54.03153882089297,310.434840358308,2091.938886051817,0.2083263306581462,0,0,1
105.81763627271212,2799.343036586,53.45241829095049,320.34729961863405,2136.825220410216,1.192788052342337,0,1,-1
105.91765294215703,2804.6373011938067,52.58821213899241,314.0265484547091,2163.6306889189827,-0.2779186024508438,0,0,1
106.01766961160192,2809.936567468696,53.78053351644931,318.28207286970786,2167.2619214352385,0.0882988080976566,0,0,1
106.11768628104684,2815.240835410669,50.21030051989335,313.59945715757834,2247.860580715749,-0.4596564728423545,0,0,1
106.21770295049176,2820.5501050197263,54.25761717561798,307.06525416030183,2160.850274218466,0.0572009728509805,0,0,1
106.31771961993664,2825.864376295866,51.41914603119023,311.2173930427429,2193.424038417465,-0.3763861122190797,0,0,1
106.41773628938157,2831.1836492390894,52.84642720328765,311.82289186025935,2137.5135754924854,0.5383053676811728,0,0,1
106.51775295882648,2836.507923849397,52.1392065847871,305.95599744702923,2216.4046744933767,0.0879681307467002,0,0,1
106.6177696282714,2841.837200126787,52.01420333841479,308.7398400798626,2250.7187552996925,-0.4534931886629901,0,0,1
106.71778629771627,2847.1714780712605,54.51971993623666,309.64294366138574,2155.646308283012,0.4366835564077825,0,0,1
106.8178029671612,2852.510757682818,52.94120028226871,318.7098794595417,2077.7562247488663,0.10481940364738,0,0,1
106.91781963660613,2857.855038961459,53.805413700033775,300.2880793367057,2098.247410152919,0.492156187773646,0,0,1
107.017836306051,2863.2043219071825,53.46199757414632,316.73087573418536,2138.0842231161373,-0.5583904979908134,0,0,1
107.11785297549592,2868.55860651999,54.03596731497108,306.02780912275267,2145.113616187821,0.2003672925436246,0,0,1
107.21786964494083,2873.917892799881,53.68575671353067,303.861391028146,2155.512536331635,0.4023104555350871,0,0,1
107.31788631438572,2879.282180746855,52.3759509330043,316.6314992816309,2141.905086492044,-0.1971827432142254,0,0,1
107.41790298383064,2884.651470360913,54.70521831136247,314.40128064455496,2117.54972760661,-0.6129284030849744,0,0,1
107.51791965327556,2890.0257616420545,53.26520324347646,317.0243854772335,2083.69719455714,-0.0055359980611224,0,0,1
107.61793632272044,2895.4050545902787,52.25238626270048,314.7653033699999,2133.87201887994,0.6284603866336816,0,0,1
107.71795299216537,2900.789349205587,53.43086133511677,321.07102030790355,2204.873816183044,0.578378489320503,0,0,1
107.81796966161028,2906.1786454879784,55.40974462143945,313.5754161508835,2161.4315732830983,-0.1969690376883927,0,0,1
107.91798633105518,2911.572943437453,54.80921490764108,310.00941175248977,2135.482386325123,-0.624871950097964,0,0,1
108.01800300050007,2916.9722430540114,53.66034936584219,312.5164321866567,2158.5389309143043,-0.1999729327222675,0,0,1
108.118019669945,2922.3765443376533,53.70975213065408,317.0291476087243,2086.822128126443,-0.2185777712295687,0,0,1
108.2180363393899,2927.785847288378,53.78738311847757,306.9249270076384,2078.2781650051807,0.2389539990354493,0,0,1
108.3180530088348,2933.200151906187,56.23577448797825,307.5723623882266,2064.61960664039,-0.0344381141409155,0,0,1
108.41806967827972,2938.619458191079,54.59097029137141,309.29700689483843,2094.063316003844,-0.360166033846478,0,0,1
108.51808634772462,2944.043766143054,54.68908482105338,300.3288946409458,2077.547482248436,0.5686893642922907,0,1,-1
108.61810301716952,2949.473075762113,55.33933496261661,311.5522023438047,2157.382987640544,0.0873899100222077,0,0,1
108.71811968661444,2954.907387048256,54.59784900233374,301.44116844890635,2071.525895755732,0.2341803174250084,0,0,1
108.81813635605934,2960.3467000014807,54.15002603220897,311.147110200269,2053.4801382946016,-0.8464337286502642,0,0,1
108.91815302550424,2965.7910146217905,54.262726663667145,315.21826408322664,2189.0705808745893,-1.1959702202176008,0,1,-1
109.01816969494917,2971.2403309091837,54.43748358806052,308.51743466627573,2067.699797495367,-0.7024494986846884,0,0,1
109.11818636439406,2976.6946488636586,54.52187094568719,319.29739798737376,2096.273157246313,-0.223870005103815,0,0,1
109.21820303383898,2982.1539684852182,55.33673106055647,303.61931580629147,2109.492388102988,0.3053524671883055,0,0,1
109.31821970328387,2987.6182897738613,54.71105573744924,316.8881253784876,2028.4224394799887,-1.1545449976729243,0,1,-1
109.4182363727288,2993.087612729588,55.44175826357998,314.3175089193075,2145.3634674709747,0.813702298216274,0,0,1
109.5182530421737,2998.561937352397,54.67840994097826,302.3716590626639,2113.7787485279937,0.1018308397420739,0,0,1
109.6182697116186,3004.0412636422902,54.8877700461254,324.5157984663646,2158.1768474879977,0.69689246859443,0,1,-1
109.71828638106352,3009.525591599267,52.86094250599965,310.6531022105865,2044.6327322284449,-0.4280676720585993,0,0,1
109.81830305050842,3015.014921223327,55.82547919995669,306.59441019427265,2081.887631652215,0.2695825531878195,0,0,1
109.91831971995332,3020.5092525144705,55.30564833587466,303.95639599807527,2077.2379723964923,0.0597423911768122,0,0,1
110.01833638939824,3026.0085854726976,56.00717830455877,309.9017435006415,2086.804780598484,0.4266763483974,0,0,1
110.11835305884314,3031.5129200980077,52.16292115122789,310.3748009439345,1999.221117239505,-0.1025673216809783,0,0,1
110.21836972828804,3037.0222563904013,57.19755956892475,311.5350646155271,2075.8364988817384,0.2556632621274222,0,0,1
110.31838639773297,3042.536594349878,55.01960357071131,309.5428578586535,1997.3156350851432,0.5679677917349005,0,0,1
110.41840306717786,3048.0559339764386,56.31738435032645,314.2079668572933,2084.9010092957224,-0.3074429921069186,0,0,1
110.51841973662276,3053.5802752700824,54.219303941185856,309.11369281034604,1958.898647900589,0.137244492579401,0,0,1
110.61843640606769,3059.10961823081,55.92199210809641,301.3870230544044,1971.099883055316,-0.9261827945464634,0,1,-1
110.71845307551258,3064.6439628586204,54.30581097458264,310.325037829303,2102.956102430312,0.3674533353010104,0,0,1
110.8184697449575,3070.183309153515,54.78546591178294,299.2444587076293,2033.0375058254651,0.9939796611767968,0,1,-1
110.9184864144024,3075.727657115493,57.37327456106799,312.8607017958972,2009.338605963047,-0.6029760265618875,0,0,1
111.0185030838473,3081.277006744553,55.31856914116031,306.2053491569715,2120.6271897854344,-0.0285337253257417,0,0,1
111.11851975329222,3086.8313580406984,55.77669274982584,311.9286537499082,2071.8209356584416,0.4578450087573961,0,0,1
111.21853642273712,3092.3907110039263,56.47933594205732,317.69222854989675,2097.400166549107,0.0340185922113754,0,0,1
111.31855309218204,3097.955065634237,56.154958434063616,306.3881118328782,2043.8409000043168,0.1005310122169677,0,0,1
111.41856976162694,3103.5244219316323,55.859703785957045,316.44813826872326,2184.4930989791933,-0.1778132351333352,0,0,1
111.51858643107184,3109.098779896111,56.12425421800215,308.9849108096764,2018.6459446851247,-0.1961257347564228,0,0,1
111.61860310051676,3114.678139527672,58.21271713549665,319.9278343203796,2134.457700325151,-0.0231933531534599,0,0,1
111.71861976996166,3120.262500826317,55.80169108794725,309.3460989110052,2042.527216662196,0.0384647674743018,0,0,1
111.81863643940656,3125.851863792046,56.11041726641825,306.9793987164072,1961.2339043492932,-0.5727841245722013,0,0,1
111.91865310885149,3131.446228424857,57.00998095043335,314.6280575628616,2066.4670753803307,-0.0141525619005214,0,0,1
112.01866977829638,3137.045594724753,57.11486082210617,309.02291832971144,2056.4292876873205,0.8032354598179894,0,0,1
112.1186864477413,3142.649962691732,57.24637352943103,307.0046210741291,1986.4928969021064,-0.1904596281292045,0,0,1
112.2187031171862,3148.2593323257943,56.748081780622286,308.8326710581997,1991.3171571897676,-0.600041527868995,0,0,1
112.3187197866311,3153.8737036269395,55.01635498058507,311.0088393177481,2034.563676713516,-0.0588409952908343,0,0,1
112.41873645607602,3159.493076595169,57.84279976033911,317.9527743018319,2051.6576907969866,-0.3375588781485686,0,0,1
112.51875312552092,3165.117451230481,55.113031169741774,301.5814365852542,1909.0101793605647,-0.6522116028027565,0,1,-1
112.61876979496584,3170.746827532877,56.61202036272195,311.37728027424873,2083.5737608622007,0.0880299671309527,0,0,1
112.71878646441074,3176.3812055023564,55.60511738218601,314.39639661971125,2004.568434497497,-0.3377053844278138,0,0,1
112.81880313385564,3182.02058513892,56.34526322033484,312.2491231883445,1961.0829031014,-0.2941836664341979,0,0,1
112.91881980330056,3187.664966442565,56.78817231195376,317.8412078274977,2073.101847168692,0.0953411440132825,0,0,1
113.01883647274546,3193.314349413295,56.830775451823,310.93015699848195,2023.2471600034128,-0.7479156670977957,0,0,1
113.11885314219036,3198.968734051108,56.98134732533048,310.3891281032893,2083.617183257702,-0.8519563473169812,0,0,1
113.21886981163529,3204.6281203560043,58.22314617487629,314.28353471623024,2043.0886380412328,0.3556013749215762,0,0,1
113.31888648108018,3210.2925083279843,57.11297754205408,311.82845772286475,2019.498724212118,-0.9464502909851676,0,0,1
113.4189031505251,3215.961897967048,56.4652949399719,309.38984662365016,2010.3226695364551,-0.4700433215734744,0,0,1
113.51891981997,3221.636289273194,57.72354707827336,313.9326121799289,2040.4808141637532,-0.8803016946467181,0,0,1
113.6189364894149,3227.3156822464243,57.998938733632095,308.09925218285827,1994.0559134372063,-0.223150111221713,0,0,1
113.71895315885982,3233.0000768867385,55.63186876429292,308.3160095557893,1970.4924370408453,0.2314912241993855,0,0,1
113.81896982830472,3238.6894731941347,57.50688498400222,308.7419268740024,2042.0064015385244,0.0755536951675575,0,0,1
113.91898649774964,3244.3838711686158,57.66066599118571,318.15724445060704,2002.677720057496,1.2154867981530175,0,1,-1
114.01900316719454,3250.08327081018,56.71193808023728,295.29681853679085,2009.9729480233996,0.562006434134228,0,1,-1
114.11901983663944,3255.7876721188263,58.435216731631336,313.38989615747863,2061.1572966550457,-0.4451774752903753,0,0,1
114.21903650608436,3261.497075094557,56.95946266600965,311.5932627216096,1999.3894983966784,-0.5797218906080791,0,0,1
114.31905317552926,3267.211479737372,57.28510304123618,303.02755302136234,2004.2313326779615,1.3724922723523254,0,1,-1
114.41906984497416,3272.930886047269,57.036463098203214,312.9905408801774,1971.8947511002848,0.5501721725894305,0,0,1
114.51908651441909,3278.65529402425,57.275122304791005,313.8306686105996,2021.8130952725492,0.3138225239396751,0,0,1
114.61910318386398,3284.3847036683146,56.21327650503679,314.4101064751734,2016.1676467116904,0.0554658512937683,0,0,1
114.71911985330888,3290.119114979462,55.91950904406015,298.2127716701062,2042.116439750804,0.1545066391672952,0,1,-1
114.8191365227538,3295.8585279576937,59.00407332460187,318.31386071154753,1966.5239519504569,-0.7199900248778779,0,0,1
114.9191531921987,3301.6029426030086,56.61261524778102,307.8032317957956,1970.993533494145,0.0969659325011869,0,0,1
115.01916986164362,3307.352358915407,56.518192581365504,314.93475571993025,2031.8965166153223,0.0539652586191359,0,0,1
115.11918653108852,3313.106776894888,55.40620315194055,315.2172875565203,2003.3068370011572,-0.4348276778343377,0,0,1
115.21920320053344,3318.866196541453,56.970639852577214,307.1384348919569,1943.79309516876,-0.2504459395379236,0,0,1
115.31921986997834,3324.6306178551017,56.33652014158167,314.8342217487556,2052.840792961577,0.7757527464157666,0,0,1
115.41923653942324,3330.400040835833,59.35163342984799,309.6144574493805,1901.0009216838512,-0.0411381828693648,0,0,1
115.51925320886816,3336.1744654836484,58.76944369377671,301.195039424196,2023.5493197109083,1.056364088724867,0,1,-1
115.61926987831306,3341.9538917985474,57.121484593978806,317.4006366154702,1919.4873825896188,-0.8513642586125421,0,0,1
115.71928654775796,3347.7383197805293,60.11207907922329,307.6967038396946,2075.451581937483,-0.2387118663287154,0,0,1
115.81930321720289,3353.5277494295947,58.89141709559303,307.30946300803,1902.3476098582044,-0.752721791162529,0,0,1
115.91931988664778,3359.322180745744,57.63482855981527,309.5766026484812,2035.6068362395467,-0.5851889937158482,0,0,1
116.01933655609268,3365.121613728976,55.510262563172766,312.96311728224623,1972.33055942627,-0.3967599071519375,0,0,1
116.1193532255376,3370.926048379292,60.35061918535954,311.3255832684432,1956.501388041484,0.1802981975626869,0,0,1
116.2193698949825,3376.7354846966914,56.72011248072766,314.36227161303407,1982.5218527770376,0.1519701497835242,0,0,1
116.3193865644274,3382.549922681173,56.51429453525681,304.9344918237995,2003.268803634196,-0.3212995863131271,0,0,1
116.41940323387232,3388.36936233274,59.2322720489458,307.9300084712336,1924.876790574436,-1.092589520069781,0,1,-1
116.51941990331724,3394.1938036513898,60.69946235799789,311.0719566287241,1927.731719729647,0.7619199268501317,0,0,1
116.61943657276213,3400.023246637122,59.69399110489158,321.15138012056974,1999.426899814448,-0.1210300485631361,0,0,1
116.71945324220704,3405.857691289939,58.92363574115588,311.10288263215193,1880.0063187126989,-0.537190740197262,0,0,1
116.81946991165196,3411.697137609839,59.00448929749126,317.10805830947334,1934.59007983042,0.1585124814476746,0,0,1
116.91948658109683,3417.5415855968213,59.31315884932873,311.8847245020313,2114.26520754494,0.1236269675961579,0,0,1
117.01950325054176,3423.3910352508883,59.26868021505764,309.2836571378663,1912.2607932009785,-0.1399856513330653,0,0,1
117.11951991998669,3429.2454865720388,58.84095138396271,310.47832987142647,2016.4834178536737,0.0951253667370424,0,0,1
117.21953658943156,3435.104939560272,58.71396939866766,310.8798550987988,1928.228830903048,-0.5567994614997479,0,0,1
117.31955325887648,3440.9693942155886,58.59718350153872,314.75018402069134,1981.412970886302,0.4005398266005474,0,0,1
117.4195699283214,3446.8388505379894,57.95582037529402,318.6150133307149,1987.1140947162608,-0.4785626601862899,0,0,1
117.51958659776628,3452.7133085274727,58.479118222016375,313.5503628982082,2009.280994716351,-0.2823341941884572,0,0,1
117.6196032672112,3458.5927681840403,57.11684481941022,317.6973487204299,1941.258564617314,0.3433714857636176,0,0,1
117.71961993665612,3464.477229507691,58.76147034153331,306.9480133055172,2049.1548351264905,0.6227488579766527,0,0,1
117.81963660610104,3470.366692498425,57.9212271958996,309.70881111654,1918.684370421179,0.8127203442064037,0,0,1
117.91965327554593,3476.2611571562425,57.85623732055719,308.17045265651626,1958.3040620246493,0.5476612797259854,0,0,1
118.01966994499084,3482.1606234811434,59.189729123648895,313.3741899488733,1957.2999768847749,-0.140775196692601,0,0,1
118.11968661443576,3488.065091473128,60.45184559356248,310.0171767355465,1887.3820584438813,-0.7477490531335708,0,0,1
118.21970328388063,3493.974561132195,60.02816824794264,315.47083501355905,1927.6324301021305,0.724779707693733,0,0,1
118.31971995332556,3499.8890324583467,57.589359373039606,307.17696343717034,1894.1925026511128,0.7048212632117019,1,0,1
118.41973662277049,3505.8085054515814,58.2202401748149,312.0571285288834,1917.2148762610636,-0.31582601904572,0,0,1
118.51975329221536,3511.732980111899,60.2006478340959,315.28626488428284,2059.3164318591384,0.4830551075995431,0,0,1
118.61976996166028,3517.6624564393005,58.32739758729184,301.535463120963,1893.789595341516,-0.1458078121562502,0,0,1
118.7197866311052,3523.596934433786,59.13526016555557,322.4801351997615,1993.1437871381163,0.7718362777097396,0,1,-1
118.81980330055008,3529.5364140953534,59.9599537492996,310.46622090565563,1975.44857738137,-0.2352624882563612,0,0,1
118.919819969995,3535.4808954240057,58.49156553013387,301.7667824286186,1930.3867402843916,1.0097902405356574,0,1,-1
119.01983663943992,3541.430378419741,59.61529382586592,312.6924531568279,1886.2748909059007,0.4148193725264761,0,0,1
119.1198533088848,3547.384863082559,58.225901159524206,312.0792026707542,1889.579309482257,0.91894075312206,0,1,-1
119.21986997832973,3553.3443494124613,59.00856734521365,311.51251509997047,1900.5516767707536,-0.2108468568004339,0,0,1
119.31988664777464,3559.3088374094477,59.97972525802986,316.8879442294108,1835.622177203171,0.2247084065743824,0,0,1
119.41990331721954,3565.278327073516,58.1169579250781,315.67921518885726,1873.1964019321551,-0.4645917014551916,0,0,1
119.51991998666443,3571.252818404668,60.200434731292624,313.4413729537857,1847.7075107426504,0.4444549558999625,0,0,1
119.61993665610936,3577.232311402904,59.790330529128,314.21277183534414,1987.587980340646,0.4714876451939985,0,0,1
119.71995332555426,3583.2168060682225,60.41246661719428,311.450203085365,1949.6814728702368,1.2212310956410446,0,1,-1
119.81996999499916,3589.206302400625,60.13389913156425,320.85945124570014,1956.5224096780128,0.263399534694874,0,0,1
119.91998666444408,3595.200800400112,61.324133762195885,304.5960185746556,1945.1318812280988,0.3859081984205362,0,0,1
120.02000333388898,3601.2003000666805,60.1352261695924,312.70025870446835,1922.5064701846009,-0.2130339451654893,0,0,1
120.12002000333388,3607.2048014003335,59.63060446054169,312.3371251562773,1985.6611364609385,0.2924668927027193,0,0,1
120.2200366727788,3613.21430440107,60.23231583942169,316.0884056976009,1880.559242394035,-0.1674465216078012,0,0,1
120.3200533422237,3619.2288090688894,60.70332470014824,307.8127359470979,1914.9023367853029,0.0810086705349761,0,0,1
120.4200700116686,3625.2483154037927,60.25889507616001,303.3236439891842,1945.394496776093,0.1097892652893904,0,0,1
120.52008668111353,3631.27282340578,60.30063503176064,312.8361237486023,1840.4550167138289,-0.1535701169995346,0,0,1
120.62010335055844,3637.3023330748497,59.60805998747247,313.4681627961489,2059.8200666123066,0.0532230961083376,0,0,1
120.72012002000334,3643.3368444110015,59.69715909245072,319.5200090492386,1904.8952730431656,-0.165791516059911,0,0,1
120.82013668944823,3649.37635741424,59.00746307292443,305.73020343731935,1909.0440391572824,-0.1688150537775789,0,0,1
120.92015335889316,3655.42087208456,62.20965342263352,317.8654841694729,1963.267267586903,0.5633491517253608,0,0,1
121.02017002833806,3661.470388421963,59.26622177877774,323.93908882296944,1944.6511487048665,0.1090565420265345,0,0,1
121.12018669778296,3667.524906426451,59.867188151095576,310.2231942321659,1899.2885147788063,0.1955917825189183,0,0,1
121.22020336722788,3673.5844260980216,59.89169441804474,305.66730923925667,1902.373532199608,-0.7065644091208588,0,0,1
121.32022003667278,3679.648947436675,61.55503439528083,310.0971501718004,1819.1432939925655,0.2358871375361397,0,0,1
121.42023670611768,3685.7184704424126,60.41516867476682,312.2120485074687,1865.0123046814797,0.2879341829980912,0,0,1
121.5202533755626,3691.7929951152337,62.00786876045503,314.97096471259084,1917.1821892346904,-0.1744199594027464,0,0,1
121.6202700450075,3697.872521455137,60.13664439825988,309.2050533553105,1912.0036160811728,1.0648977987558006,0,1,-1
121.7202867144524,3703.957049462125,61.13913751945001,319.9480213421819,1949.3557672125864,-1.1209881380183169,0,1,-1
121.82030338389733,3710.0465791361967,60.0748046386889,306.60936876334944,1880.7621412979584,0.4144917420051826,0,0,1
121.92032005334222,3716.141110477351,63.1053091544445,303.4960062444702,1815.913790980808,0.3826364617897339,0,0,1
122.02033672278714,3722.240643485589,59.822569942364055,317.7355857937153,1936.6067676147145,0.2927967988046261,0,0,1
122.12035339223203,3728.34517816091,61.36999740634305,300.83893018319225,1954.068048823604,0.1120261689435458,0,0,1
122.22037006167696,3734.4547145033134,61.74396191177057,311.2013881618041,1925.6703506462936,0.2997428802511408,0,0,1
122.32038673112186,3740.569252512803,61.57399246301242,327.82044431915244,1871.0721830361772,0.4582702256012404,0,1,-1
122.42040340056676,3746.688792189375,61.02491404140568,312.18182257525706,1929.9701168719976,-0.3394627747333458,0,0,1
122.52042007001168,3752.813333533029,61.130389335272405,306.64820375352,2047.694488038968,0.1732122131769333,0,0,1
122.62043673945658,3758.942876543768,61.3540298417074,311.97505635501165,1880.5059309207368,-0.0677590620390162,0,0,1
122.72045340890148,3765.077421221591,61.21322470282226,312.0180413977925,1807.662031885645,-0.5231645911968106,0,0,1
122.8204700783464,3771.216967566495,62.3741141559681,313.08529670960024,1688.3594212227156,0.3838216343297524,1,0,1
122.9204867477913,3777.361515578484,63.670766375487005,315.60336358557726,1901.5273659894767,-0.2551519122208545,0,0,1
123.0205034172362,3783.5110652575568,60.95275992361027,307.1064944998849,1788.5174966889233,-0.7255391962904623,0,0,1
123.12052008668113,3789.665616603712,60.19045706376148,320.74979228485205,1875.73320864275,-0.2471071171125204,0,0,1
123.22053675612602,3795.825169616951,61.52198632971176,313.5476250974757,1884.786425523128,-0.375334160356409,0,0,1
123.32055342557094,3801.989724297274,64.23998605043978,315.9660255745661,1941.033412598888,0.5420879943185498,0,0,1
123.42057009501583,3808.15928064468,60.9066104795382,309.2013100107233,1928.295994547256,0.0999287448598839,0,0,1
123.52058676446076,3814.3338386591686,63.39941018767444,318.7839693614237,1904.5256100491736,0.7178360000916486,0,0,1
123.62060343390566,3820.513398340742,63.48800253102927,311.0767982993252,1751.673730279819,-0.306508741897347,0,0,1
123.72062010335056,3826.6979596893984,61.30672180996729,313.7598245778027,1904.3728382257395,0.4609237729208135,0,0,1
123.82063677279548,3832.887522705137,62.479301465583006,307.71653329134404,1892.1095418656744,1.4451895625018116,0,1,-1
123.92065344224038,3839.0820873879607,63.58872334424873,307.4074072122134,1868.1459709258636,0.2049280376675429,0,0,1
124.02067011168528,3845.281653737867,61.63120731485516,315.84309354343293,1767.353713093127,0.4550810288067419,0,0,1
124.1206867811302,3851.4862217548566,61.85676303046273,310.1940345270761,1813.5433781386416,0.3713094889307329,0,0,1
124.2207034505751,3857.6957914389295,61.528670811338905,308.1529549075357,1680.196244879125,-0.6869137469357909,1,0,1
124.32072012002,3863.910362790087,61.14560332931714,309.2161553018668,1748.6697168289038,0.3165423437847491,0,0,1
124.42073678946493,3870.129935808327,61.56109084966645,315.9368390375336,1847.795190345919,0.1773939610892243,0,0,1
124.52075345890982,3876.35451049365,61.036436462692656,309.3068860398729,1806.571834033516,-0.1063781345060683,0,0,1
124.62077012835474,3882.5840868460577,62.34446853243659,311.87380235482465,1976.251393438452,-0.4168212863117099,0,0,1
124.72078679779963,3888.818664865548,61.59042016784117,312.5472174312154,1835.0718729573343,0.371195365401588,0,0,1
124.82080346724456,3895.058244552122,62.64418764541302,302.89533591667293,1906.7236634668952,-0.4606006600285398,0,0,1
124.92082013668946,3901.30282590578,60.9045144221411,305.1364499868014,1762.1077694794758,1.0901523470568246,0,1,-1
125.02083680613435,3907.55240892652,62.84129863528163,314.18347312685125,1812.5861348073893,0.0829546549892202,0,0,1
125.12085347557928,3913.806993614344,63.39395569939856,308.8269385417944,1842.4645787133368,-0.5850165608271202,0,0,1
125.22087014502418,3920.066579969252,60.61669942994063,317.8057115709045,1790.742234754012,-0.2340273163606432,0,0,1
125.32088681446908,3926.331167991242,63.03449997708211,317.3661242026996,1813.571320744761,-0.1129311488242558,0,0,1
125.420903483914,3932.600757680317,63.938120734430285,316.1379336801686,1625.1152448779408,1.2335992491064218,1,1,-1
125.5209201533589,3938.875349036475,61.55081905798824,321.6509509518989,1820.0523241373871,-0.4181419496484914,0,0,1
125.6209368228038,3945.154942059716,64.4830407982396,312.1466470435644,1923.0385958072804,-0.029903496617937,0,0,1
125.72095349224873,3951.439536750041,63.2794957554904,315.81650497874404,1847.730096944497,-0.2424376173005365,0,0,1
125.82097016169362,3957.729133107449,62.2054732250884,309.6600921331892,1851.331597171724,0.2746405028127708,0,0,1
125.92098683113852,3964.02373113194,62.90472433791155,324.8539482474575,1852.8772639915296,-0.2349845554416623,0,0,1
126.02100350058345,3970.3233308235153,63.56882866281344,322.5202686122384,1855.0654693529293,-0.5426447134523665,0,0,1
126.12102017002834,3976.627932182174,63.13651547642658,312.67150418959176,1818.830594531356,-0.0713699241833035,0,0,1
126.22103683947326,3982.937535207917,63.649274412183,314.5550348334733,1805.479585483208,-0.1226991803776626,0,0,1
126.32105350891815,3989.252139900741,62.23985316137971,319.4285933477159,1828.400833524684,-0.2710651203239574,0,0,1
126.42107017836308,3995.57174626065,63.37989591321761,311.9064094937657,1876.4445197129205,-0.2427879633073773,0,0,1
126.52108684780798,4001.896354287642,61.84682892699901,309.36898833078226,1873.4616877024373,0.6168855408330349,0,0,1
126.62110351725288,4008.225963981717,63.199325697277736,317.0320591067597,1803.6764738732452,-0.1335053916936076,0,0,1
126.7211201866978,4014.560575342876,62.4566524518841,313.0643082490881,1852.636364201321,-0.5417162420574969,0,0,1
126.8211368561427,4020.900188371119,62.67503848548159,313.5970859338406,1803.0638896296532,-0.2054148429288267,0,0,1
126.9211535255876,4027.244803066445,64.69666993800423,308.52075863721893,1813.0367541416076,0.0556896499016896,0,0,1
127.02117019503252,4033.594419428854,64.60189521811053,304.11375627768626,1786.218321126587,-0.6397538659149196,0,0,1
127.12118686447742,4039.949037458347,64.1697315531459,313.89283073584323,1799.3646555121795,0.8407351032062521,0,0,1
127.22120353392232,4046.3086571549225,62.51828900228858,317.24693056086323,1874.0669959801544,0.4592204467830517,0,0,1
127.32122020336725,4052.6732785185823,63.34420165198881,311.6030882749565,1810.1762867807777,0.7416535116479186,0,0,1
127.42123687281214,4059.0429015493255,64.92371613638525,319.9242712850755,1810.8752476932668,0.2249257857089456,0,0,1
127.52125354225704,4065.4175262471513,63.902343684768425,309.232543727148,1730.3072811707418,-1.0194892716856805,0,0,1
127.62127021170195,4071.797152612061,66.12996464583267,307.4886047463406,1785.764176712347,0.798393124882307,0,0,1
127.72128688114688,4078.1817806440554,64.25396127996781,312.435977152134,1787.7199820363892,-0.4039152886328486,0,0,1
127.82130355059176,4084.5714103431305,64.10270089178591,312.3691674783027,1756.8890603280747,-0.36344461789992,0,0,1
127.92132022003668,4090.966041709291,63.65154364581584,316.6419756786798,1797.9911638874362,0.105163538432436,0,0,1
128.02133688948155,4097.365674742534,64.14420934952307,308.92731956862826,1774.0115878974384,0.7168239383488877,0,0,1
128.1213535589265,4103.770309442863,63.9082069430827,319.6526065399672,1798.0344537620035,0.5540114495593268,0,0,1
128.2213702283714,4110.179945810271,64.8187937908743,322.6567218353784,1510.0153550456926,0.4818447795197132,1,0,1
128.3213868978163,4116.594583844765,65.11739576570274,312.6364185549399,1743.3783050672637,-0.1267591204264784,0,0,1
128.42140356726122,4123.014223546344,63.42471232312266,319.0906924576477,1769.7983353652637,-0.1371235587556986,0,0,1
128.52142023670612,4129.438864915003,62.92947716479528,307.5696566705444,1792.1706859698506,0.1989630211279258,0,0,1
128.62143690615102,4135.868507950747,62.47451307997221,318.2382513965247,1846.0866356269528,-0.039663769739578,0,0,1
128.72145357559594,4142.303152653575,64.86871811471052,318.1085274003569,1798.278458925433,0.4734380247721282,0,0,1
128.82147024504084,4148.7427990234855,63.30736851634655,317.19933342545346,1750.9177205705546,0.4415743824355329,0,0,1
128.92148691448574,4155.18744706048,62.30785286429039,312.8143332470971,1802.5378389594111,0.3208185441024722,0,0,1
129.02150358393067,4161.637096764558,64.8993303964963,298.1309056521829,1866.539308130605,-1.234155590192854,0,1,-1
129.12152025337556,4168.091748135719,67.05375964412057,309.7035163070769,1825.572590284996,0.0962172118283603,0,0,1
129.22153692282046,4174.551401173963,64.60469754987034,309.79257360385907,1805.6901355800385,-0.0260418313290098,0,0,1
129.3215535922654,4181.016055879292,65.49926757058434,308.04088066892416,1813.1709987354525,0.1137517242748127,0,0,1
129.4215702617103,4187.485712251703,64.79261448940271,313.55337204890634,1847.468010525626,-0.3484972839545325,0,0,1
129.52158693115518,4193.960370291197,64.66190381238646,310.8573414655093,1827.831603327856,-0.6339228787135753,0,0,1
129.6216036006001,4200.440029997777,65.72987828328782,308.8391003112349,1800.9693736264214,0.2616659830534254,0,0,1
129.721620270045,4206.924691371438,64.57053559083386,307.67816128576544,1824.645691355992,-0.1498161865038644,0,0,1
129.8216369394899,4213.414354412183,65.17821078381685,309.4045987665229,1715.7143853239395,0.3165933268324427,0,0,1
129.92165360893483,4219.909019120012,65.28252461066343,318.5996614201431,1693.268170328536,-0.3060512436774401,0,0,1
130.02167027837973,4226.408685494924,64.34274468554682,309.6970417547005,1774.8219904276764,0.735954119065402,0,0,1
130.12168694782466,4232.91335353692,66.05288582344885,310.4374751626161,1768.987849563971,0.531136538158412,0,0,1
130.22170361726955,4239.423023245999,64.93589205193936,310.73868228661075,1736.946197922987,0.1772936028080854,0,0,1
130.32172028671445,4245.93769462216,64.40511498386438,314.7271395977185,1804.0233500344343,-0.0785538385802429,0,0,1
130.42173695615938,4252.457367665407,65.74737832165009,315.3234211382586,1668.1776816887484,0.4563284850501669,0,0,1
130.52175362560428,4258.982042375736,64.3624088310111,297.82889266634464,1733.1735202979348,0.2243015488733636,0,1,-1
130.62177029504917,4265.511718753148,65.33906630489372,318.170353098643,1734.2567546658263,0.1487845940841785,0,0,1
130.7217869644941,4272.046396797645,65.35177448560285,320.2540188676681,1675.2829672818175,0.5509446887573521,0,0,1
130.821803633939,4278.586076509224,66.49679738280108,307.8312476765855,1830.4292564450973,0.744581412562502,0,0,1
130.9218203033839,4285.130757887886,65.9356083845719,308.2306908066642,1686.3284162113407,-0.595786532103616,0,0,1
131.02183697282882,4291.680440933634,65.48589152766927,310.8509167583915,1737.3921696422049,-0.4954737726198376,1,0,1
131.12185364227372,4298.235125646463,66.37869312033715,309.33216526694434,1796.8823831193129,-0.3590070769263037,0,0,1
131.22187031171862,4304.794812026375,67.00114270487663,314.2418214009049,1782.3848026263154,-0.7190761654152388,0,0,1
131.32188698116354,4311.359500073373,66.21875379693364,303.39956226632205,1693.2740612827904,-0.0005067718338346,0,0,1
131.42190365060844,4317.929189787452,65.7213044451476,307.5525523248772,1781.4086367524037,0.3301416017481847,0,0,1
131.52192032005334,4324.503881168615,64.44912392767651,320.8481780328799,1760.375899039407,0.0174459865676213,0,0,1
131.62193698949827,4331.083574216863,64.74585483167377,308.52109386220974,1861.142069769273,-0.2384656596312922,0,0,1
131.72195365894316,4337.668268932192,65.55575212511691,319.3893367564089,1763.292045870416,0.5930551060686495,0,0,1
131.82197032838806,4344.257965314606,65.30147296203475,314.9588880107895,1734.638783369705,0.0997131289747718,0,0,1
131.921986997833,4350.852663364104,65.77402219593105,304.145860126842,1697.4827409835657,0.201657139578767,0,0,1
132.0220036672779,4357.452363080684,66.06765175853604,316.3788463428088,1701.7037490765983,0.6077448872183893,0,0,1
132.12202033672278,4364.057064464348,66.59070292271812,312.623865522708,1696.2366545131172,-0.0301558162583522,0,0,1
132.2220370061677,4370.666767515096,66.04051972502477,310.94486841936805,1804.6903542311636,1.0606915949028726,0,1,-1
132.3220536756126,4377.281472232926,66.6475284816325,314.4569908334213,1735.6453250326251,-0.1923501728066664,0,0,1
132.4220703450575,4383.90117861784,66.27550958733887,315.6153744623397,1761.6217118349743,1.029932157376104,0,1,-1
132.52208701450243,4390.525886669839,64.28557694089734,316.79016781132333,1807.6853717096408,-0.4594524990022607,0,0,1
132.62210368394733,4397.155596388919,65.37171644815491,319.15347460613475,1612.6645295069357,0.2882850321224951,0,0,1
132.72212035339223,4403.7903077750825,66.2169726209745,315.312891599231,1793.147277704535,-0.2904014319684241,0,0,1
132.82213702283715,4410.430020828332,65.20137376857747,306.4040432583519,1730.5903949702358,0.5890651563897118,0,0,1
132.92215369228205,4417.074735548663,67.06100557613723,310.9239880809722,1748.1910340485488,-0.2068812915782562,0,0,1
133.02217036172695,4423.724451936077,68.04183601320717,328.0174587125158,1683.6376257537436,0.1793282077291994,0,0,1
133.12218703117188,4430.379169990576,67.77985536728326,316.93467400502584,1685.9218426985055,-0.2918281183026428,0,0,1
133.22220370061677,4437.0388897121575,66.39765897937818,325.1686568741192,1746.741736413186,0.4997663251800886,0,0,1
133.32222037006167,4443.703611100822,68.1518363218808,320.3093924480021,1840.151813879933,-0.2937926460082279,0,0,1
133.4222370395066,4450.373334156571,66.85978597695541,314.5512340617294,1769.7111732022383,0.8736110987309194,0,0,1
133.5222537089515,4457.048058879403,66.4240408833577,314.8592607198007,1781.4463382066665,-0.4668024126182353,0,0,1
133.6222703783964,4463.727785269318,66.19773252565726,313.17932683845544,1707.1959131925305,-0.6419799538764692,0,0,1
133.72228704784132,4470.412513326318,66.55867383743254,304.68320562555164,1685.4126491620073,0.5071893398966838,0,0,1
133.82230371728622,4477.102243050399,66.52297504010188,313.47246663406975,1675.0105947347636,-0.2644662263209403,0,0,1
133.92232038673112,4483.796974441564,67.13157641574105,319.4456048013841,1688.2662353596572,0.0287332559748983,0,0,1
134.02233705617604,4490.496707499815,67.17174250913789,310.4040337315116,1608.6709756974146,-0.128701967280709,0,0,1
134.12235372562094,4497.201442225146,67.06422288296389,315.47200036787115,1673.6954015765016,-0.6240637996472503,0,0,1
134.22237039506584,4503.911178617562,67.54812336727927,317.6801922689726,1680.5560770106442,-0.005447488661026,0,0,1
134.32238706451076,4510.625916677062,68.35183980704173,308.8838365098887,1698.439286038284,0.6668894149939649,0,0,1
134.42240373395566,4517.345656403644,68.16075600241915,311.18572605167725,1712.4292531667384,0.5356669628642313,0,0,1
134.52242040340056,4524.07039779731,65.77631223325038,308.3626845879543,1722.599936134783,0.1460656158542483,0,0,1
134.62243707284549,4530.80014085806,64.75729740152079,309.3514156738375,1702.3678603347853,0.5847463931405802,0,0,1
134.72245374229038,4537.534885585893,68.29554678238446,307.0342189559637,1672.679801249749,-0.4954262162321964,0,0,1
134.82247041173528,4544.274631980808,66.04435650745222,308.9800047342834,1602.2229394980054,-0.1321365387327203,0,0,1
134.9224870811802,4551.01938004281,67.23647813869742,320.58952711210725,1670.2654459486428,0.2304288231390318,0,0,1
135.0225037506251,4557.769129771893,66.3411388492532,308.92486522961104,1649.0494369342025,-0.0341443514513437,0,0,1
135.12252042007,4564.523881168058,65.75927977245499,314.14454813731044,1719.6174855546826,-0.0932690386616801,0,0,1
135.22253708951493,4571.28363423131,68.15273127296226,311.00790994059673,1531.4787516486244,-0.5662373292548577,1,0,1
135.32255375895983,4578.048388961644,68.42043203978255,319.4265850610807,1740.5303172787983,-1.0061190119377474,0,1,-1
135.42257042840473,4584.81814535906,67.13477481347564,320.09806852585854,1730.094835458538,0.4412904318957792,0,0,1
135.52258709784965,4591.592903423561,65.17025125677992,317.8726086204797,1684.2174300052357,0.1508455058334197,0,0,1
135.62260376729455,4598.372663155144,67.2650574353948,315.0929331422432,1663.4435391626296,0.4835732054742671,0,0,1
135.72262043673948,4605.157424553813,68.25311422377229,312.4169643594695,1650.834862078661,-0.1843589011401659,0,0,1
135.82263710618437,4611.947187619563,66.43240698431806,307.6228901896622,1611.4648170594126,-0.32517934476019,0,0,1
135.92265377562927,4618.741952352397,68.14468680759379,323.3099097831739,1735.083290979833,0.0373445665618756,0,0,1
136.0226704450742,4625.541718752315,67.9960253733641,309.80390195574466,1675.406976196588,0.4609134236477635,0,0,1
136.1226871145191,4632.346486819316,68.64063505686063,316.9305004466161,1620.4785137613392,-0.0807860635735601,0,0,1
136.222703783964,4639.1562565534,68.23093226039614,318.9200982415134,1640.1250373544492,0.4351130291955372,0,0,1
136.32272045340892,4645.971027954569,67.1882912858229,310.8558695608142,1636.756087502515,-0.4707078792201004,0,0,1
136.42273712285382,4652.790801022819,69.4079400630914,318.8323363488652,1680.912214384697,-0.044400894236843,0,0,1
136.52275379229872,4659.615575758154,68.10284732312239,317.47334139592414,1730.79168726259,-0.0010589832957077,0,0,1
136.62277046174364,4666.445352160573,68.2840806913619,322.3020962230832,1658.677195710095,0.6475080366979247,0,0,1
136.72278713118854,4673.280130230074,67.42812560652108,311.32554638098526,1562.1094489782913,0.1366608208282599,0,0,1
136.82280380063344,4680.119909966658,67.96811964912521,307.2529602936648,1663.937631675671,0.906804304750799,0,1,-1
136.92282047007836,4686.964691370327,67.57660752101228,311.1648332697853,1664.2485484758922,-0.6407448984869941,0,0,1
137.02283713952326,4693.814474441079,68.33847250983821,314.746551426624,1659.4748974552397,0.0993675339295271,0,0,1
137.12285380896816,4700.669259178913,70.27313538462643,314.0033490163221,1638.011585817443,0.1276367049664311,0,0,1
137.22287047841309,4707.529045583833,67.2395340962752,311.7550975664685,1678.9214020791856,0.3425780453381241,0,0,1
137.32288714785798,4714.393833655835,67.04788217605225,304.1863014198996,1670.0223756096525,-0.3744666548104228,0,0,1
137.42290381730288,4721.26362339492,70.18262223614505,316.0947053623758,1664.1407430086954,0.87998906718325,0,0,1
137.5229204867478,4728.13841480109,68.55213656622203,323.6140144440858,1684.6823318500742,0.0412654870206411,0,0,1
137.6229371561927,4735.018207874342,68.14239583943643,316.0835499062343,1641.2276930307437,-0.5094671461657877,0,0,1
137.7229538256376,4741.903002614677,69.90138160021488,316.81797297783135,1637.0601856085464,0.0292238740993784,0,0,1
137.82297049508253,4748.792799022097,68.3058697078044,316.64452358028376,1729.066832122127,-0.1222296605240001,0,0,1
137.92298716452743,4755.687597096599,70.78750329581065,315.7775320658648,1686.7006994710257,1.430544268570144,0,1,-1
138.02300383397233,4762.587396838185,69.68942778832543,318.4606302177377,1698.7535553178736,0.5618133134063832,0,0,1
138.12302050341725,4769.492198246856,68.57359884356292,315.78917045627,1717.3858659166428,0.0596520992654819,0,0,1
138.22303717286215,4776.402001322608,71.26882679969658,312.25891786901985,1681.0532903054354,-0.0160862316681341,0,0,1
138.32305384230705,4783.316806065443,68.55581199815019,309.8523608341869,1699.8520192523113,0.5103184362986728,0,0,1
138.42307051175197,4790.236612475364,69.95363062788529,312.59743877477183,1573.1428897630285,0.5367653412555742,0,0,1
138.52308718119687,4797.161420552367,69.56083617100492,315.422956200373,1660.996461740471,-1.4191712500801377,0,1,-1
138.62310385064177,4804.091230296453,70.61329321471968,312.2818955794493,1640.332522181206,0.3600858625925385,0,0,1
138.7231205200867,4811.026041707624,70.9230714567702,315.4440054676658,1732.033382960001,0.053174286527633,0,0,1
138.8231371895316,4817.965854785877,69.44357274383157,316.0780643874553,1693.2132433154875,-0.619183908190149,0,0,1
138.9231538589765,4824.910669531214,68.70815905914206,318.0582125422485,1613.9915498192624,0.4751669492285718,0,0,1
139.02317052842142,4831.860485943636,69.97155740714983,320.31629189703705,1662.837413399005,1.1604619055852634,0,1,-1
139.12318719786632,4838.815304023138,68.88387822918105,314.3023558121809,1651.266720896068,0.313771355235944,0,0,1
139.2232038673112,4845.775123769725,71.62498918118223,307.38343756099283,1664.2852264278029,0.5907985163237225,0,0,1
139.32322053675614,4852.739945183397,69.79814559946081,312.2068015695796,1589.3135828023278,0.9391031428844172,0,0,1
139.42323720620104,4859.709768264151,69.34629705178841,314.1626365576531,1656.944631147558,-0.3789211843830881,0,0,1
139.5232538756459,4866.684593011987,69.94630724368787,304.7734816066791,1626.2253913096429,-0.8914651955828377,0,1,-1
139.62327054509086,4873.664419426909,68.46450898301573,320.90564965502153,1650.4456462998403,0.363062152984411,0,0,1
139.72328721453576,4880.649247508913,68.89002956875723,314.6842182840059,1598.7951467600053,-0.0884213683609048,0,0,1
139.82330388398066,4887.639077258,71.11206584993475,315.8890945612995,1604.4535401235023,-0.6475246624628728,0,0,1
139.92332055342558,4894.633908674173,69.3047659977414,320.8199643679739,1691.0921393098397,-0.0029508925291215,0,0,1
140.02333722287048,4901.633741757427,68.9647576287533,310.8516195715753,1578.5170450570818,0.3992921717487668,0,0,1
140.12335389231538,4908.638576507764,70.59832969868498,316.8825450436517,1580.902131853113,-0.0359254113795888,0,0,1
140.2233705617603,4915.648412925187,71.29738943554315,313.4730164406664,1625.907261388898,-0.3534849884730875,0,0,1
140.3233872312052,4922.663251009691,70.88064692626767,313.1119043880409,1588.589320413642,-0.0726453955804064,0,0,1
140.4234039006501,4929.683090761278,71.20774963613087,310.18137845104314,1581.630964227994,0.0300128309431127,0,0,1
140.52342057009503,4936.707932179952,69.50491519647805,322.38035812544217,1629.835791981473,-0.9282404250389172,0,1,-1
140.62343723953992,4943.737775265706,68.88990795302811,312.1848435235761,1548.0293382349937,-0.0360032945873316,0,0,1
140.72345390898482,4950.772620018544,71.8630606064479,317.569666625377,1571.5861962409435,-0.6311038332180239,0,0,1
140.82347057842975,4957.812466438468,70.08905545037274,304.70731012048327,1723.391802455376,0.3671019913373859,0,0,1
140.92348724787465,4964.857314525472,70.21091060748228,319.9922913732364,1642.3645291657967,-0.7427017726614571,0,0,1
141.02350391731954,4971.907164279561,71.83994610050883,319.3634061715172,1580.7673982677118,0.5473654827502055,0,0,1
141.12352058676447,4978.962015700734,71.1179903027829,314.599522610163,1637.7121453848747,-0.1650087909978163,0,0,1
141.22353725620937,4986.021868788989,71.0676564001863,312.9876413949313,1643.8747760092044,-0.2320132475222762,0,0,1
141.3235539256543,4993.086723544329,72.82677930772823,316.1323554206333,1663.9368681227568,0.1902958146070754,0,0,1
141.4235705950992,5000.156579966751,70.06826706716946,325.58631036391137,1606.567274046622,-0.3954674098592662,0,0,1
141.5235872645441,5007.231438056257,71.68963376035329,305.336175231937,1660.4599216755971,0.1800875985242925,0,0,1
141.62360393398902,5014.311297812847,70.86881509189159,318.0724973312695,1508.4237031007176,-0.3269693404661358,0,0,1
141.72362060343391,5021.396159236519,71.13040258058021,309.6142755495739,1556.2426465940523,-0.2387690325227538,0,0,1
141.8236372728788,5028.486022327275,72.44028706285194,314.0827717457893,1615.9646771182377,0.2449328404007388,0,0,1
141.92365394232374,5035.580887085116,71.46966272745149,312.95296479883905,1622.966866902019,-0.529017993041307,0,0,1
142.02367061176864,5042.680753510039,71.55013138493395,312.0607757721881,1559.6111876017917,-0.5917349402295482,0,0,1
142.1236872812135,5049.785621602045,72.13435097791657,314.1600430828577,1616.8874409427517,0.1657345136775311,0,0,1
142.22370395065846,5056.895491361136,70.74689924578635,308.55151466867693,1571.441595188433,0.0253979035813413,0,0,1
142.32372062010336,5064.010362787309,70.32265064271267,319.3782742426501,1587.503845182184,0.1223783175538104,0,0,1
142.42373728954826,5071.130235880564,70.1670594507531,305.2716561729618,1651.309707404453,0.2015560459981039,0,0,1
142.52375395899318,5078.255110640906,69.29552039012059,316.95119796004104,1644.2381340802322,0.0648049929999216,0,0,1
142.62377062843808,5085.384987068329,73.36809244415936,312.62969780017096,1547.6595082998604,0.3482756842433067,0,0,1
142.72378729788298,5092.519865162835,70.2586852832198,308.417754260751,1543.3722397481977,0.0866283586928572,0,0,1
142.8238039673279,5099.659744924427,71.19064836007819,315.29429724972624,1574.399453183666,-0.9639347223272532,0,0,1
142.9238206367728,5106.8046263531005,71.18509701849749,306.5076266301449,1592.3451391284111,-0.8342360482315313,0,0,1
143.0238373062177,5113.954509448858,71.81932535091795,314.50095283922,1559.5128812809414,1.004952060299621,0,1,-1
143.12385397566263,5121.1093942117,72.37766420037062,307.1980008585085,1643.1662988531311,0.0421612452164852,0,0,1
143.22387064510752,5128.269280641624,72.4724088109135,316.6287474860999,1607.2310584674997,0.5174436258337684,0,0,1
143.32388731455242,5135.43416873863,71.07886621870728,309.7106020633034,1608.8942293954296,-0.1333552865220603,0,0,1
143.42390398399735,5142.604058502722,71.54483027821226,312.0874203132532,1523.9924570107166,0.0114155178961744,0,0,1
143.52392065344225,5149.778949933897,72.04454027720942,315.8221390050601,1644.414375106594,-0.185245126956354,0,0,1
143.62393732288714,5156.958843032154,71.56327753526003,310.4996831730775,1443.7728543152034,1.273423786547514,0,1,-1
143.72395399233207,5164.143737797496,73.46932257218603,314.0825754008917,1625.216538807793,0.1710706256177997,0,0,1
143.82397066177697,5171.333634229921,72.40296028252673,306.81324455995343,1628.9628376737162,-0.2252509907120533,0,0,1
143.92398733122187,5178.528532329428,72.69687145166075,317.546776751103,1559.361688977057,-0.7829760087598898,0,0,1
144.0240040006668,5185.728432096021,72.67488326900082,323.2269694278205,1643.3627689198363,1.0296142280571734,0,1,-1
144.1240206701117,5192.933333529695,73.23548419254116,328.37344640656096,1575.2989014824489,-0.0376966544211483,0,1,-1
144.2240373395566,5200.143236630453,72.293040228482,314.87824446728786,1580.3128959165322,0.4140641476611022,0,0,1
144.32405400900151,5207.3581413982965,70.8651950565449,318.3734261048861,1592.906291479409,0.4670766305205983,0,0,1
144.4240706784464,5214.578047833221,72.61172329097585,305.5392787033072,1733.9981479902308,-0.1888006287385824,0,0,1
144.5240873478913,5221.802955935229,71.61068678015383,321.96608036631704,1640.6316562187935,0.3767818749593401,0,0,1
144.62410401733624,5229.032865704323,71.78343532691837,318.3435529253542,1607.2080865834273,-0.2611645297021795,0,0,1
144.7241206867811,5236.267777140498,72.94842436214566,312.052744843922,1525.2538744633669,-0.4518860978447647,0,0,1
144.82413735622603,5243.507690243756,73.65035174954666,320.6683177370677,1576.8171680205314,0.6270776023970606,0,0,1
144.92415402567096,5250.7526050141,72.48334858957153,313.22003501934034,1527.7260549104733,-0.0367490357060965,0,0,1
145.02417069511586,5258.002521451525,72.8209183601569,312.2122911544388,1608.2333889225415,0.3023125082943768,0,0,1
145.12418736456075,5265.257439556034,74.26430862691562,316.8890933635936,1572.897785597031,0.2516708472594992,0,0,1
145.22420403400568,5272.517359327628,72.8528551964914,309.205647904249,1508.3959455753109,0.3620898108331197,0,0,1
145.32422070345058,5279.782280766303,75.26379346590568,319.6405458923448,1567.42685316467,-0.7297595560741265,0,0,1
145.42423737289548,5287.052203872062,73.27762833207929,309.26247467765535,1519.6493458365242,-0.2486117424059262,0,0,1
145.5242540423404,5294.327128644907,71.00136426201438,309.3021514551181,1568.43162580814,-0.122893217036872,0,0,1
145.6242707117853,5301.607055084833,73.56547697699719,310.0139781291369,1516.6685436323678,-0.3710800439160485,0,0,1
145.7242873812302,5308.891983191842,73.24330207549788,318.3699289257036,1559.7493843192367,0.2584628280495555,0,0,1
145.82430405067512,5316.181912965936,74.2019047794203,311.49855359746897,1594.6520866411074,0.6395165303585312,0,0,1
145.92432072012002,5323.476844407112,73.63534171132997,307.85245315017613,1553.230581735878,0.7174046480289344,0,0,1
146.02433738956492,5330.776777515372,72.87371271079869,311.5740337392775,1535.0943518585882,-0.1264342628481253,0,0,1
146.12435405900985,5338.0817122907165,71.83787879321555,314.4522235524986,1563.5591554557573,0.18699810838253,0,0,1
146.22437072845474,5345.391648733144,72.90316210694135,308.7175746545235,1587.0120491327507,0.2660524714263593,0,0,1
146.32438739789964,5352.7065868426525,72.31167324474052,308.8740331946182,1495.5523219983727,0.3526162728387051,0,0,1
146.42440406734457,5360.026526619248,72.63167858386757,325.1989220772324,1562.7038535414215,-0.3964109606595224,0,1,-1
146.52442073678947,5367.351468062925,73.85078877281535,310.3496150546096,1614.3086391909335,0.9555771934839544,0,1,-1
146.62443740623436,5374.681411173685,74.98212320746859,313.0472318967584,1575.875990164492,0.5111115217782786,0,0,1
146.7244540756793,5382.01635595153,73.75689856766263,312.8362604035715,1548.843383628424,0.5214043158287618,0,0,1
146.8244707451242,5389.356302396457,72.21635231052691,312.5756630356602,1576.7060756659855,0.6435209153091243,0,0,1
146.9244874145691,5396.7012505084695,73.9068463755047,317.79918244130243,1566.1085361221171,0.3124792587224159,0,0,1
147.024504084014,5404.051200287563,74.70888352865266,319.4431651607616,1579.929269919904,-0.4664357640927445,0,0,1
147.1245207534589,5411.40615173374,72.95247747241007,313.1826799176879,1439.8191224263417,-0.0261506444917671,0,0,1
147.22453742290384,5418.766104847003,73.478251544779,308.5400623093286,1385.407031275943,-0.7810578293556921,1,0,1
147.32455409234873,5426.131059627347,73.67696524090357,321.1046565484794,1588.7930964245272,0.2524399587095762,0,0,1
147.42457076179363,5433.501016074774,72.92738706781458,314.26575162019594,1462.0571260260676,-0.0413245575015496,0,0,1
147.52458743123856,5440.875974189287,74.41057414946314,323.40406781740967,1556.168446717464,0.0262795774040727,0,0,1
147.62460410068346,5448.255933970881,73.69135390173395,303.53453092224254,1517.2604456536578,0.646935896036861,0,1,-1
147.72462077012835,5455.64089541956,74.28184282897121,315.74947818342946,1483.8258623390866,-0.1822471650686952,0,0,1
147.82463743957328,5463.030858535322,73.02482654198454,324.3754954133384,1549.891190493791,-0.0825714168672665,0,0,1
147.92465410901818,5470.425823318167,73.52486875418568,313.026144733711,1541.2347369083957,0.0555572006947801,0,0,1
148.02467077846308,5477.825789768095,74.73471674705931,313.6749999611731,1635.4755336974813,-0.872715875543815,0,0,1
148.124687447908,5485.230757885109,73.68951057186223,316.2900272027425,1497.494159735864,-0.0881005497027807,0,0,1
148.2247041173529,5492.640727669203,75.83931590990986,312.0284913173105,1599.517523552599,-1.1930210147572662,0,1,-1
148.3247207867978,5500.055699120382,73.7627242077843,313.2721124184161,1543.911438788531,-0.2476682911436352,0,0,1
148.42473745624272,5507.4756722386455,74.43705345387325,313.15339827466727,1492.018451663885,0.4741953296834101,0,0,1
148.52475412568762,5514.90064702399,75.1949678947169,311.7153717404369,1563.8120976585792,0.2719808246114858,0,0,1
148.62477079513252,5522.33062347642,72.89401966463323,321.00675983051605,1550.9179046361878,-0.2541988781046332,0,0,1
148.72478746457745,5529.765601595933,72.60158492030794,317.17786890794,1523.2053235959536,0.0629924463752428,0,0,1
148.82480413402234,5537.205581382528,72.88674575244107,316.13562157391874,1533.5110801437663,-0.4942989695808991,0,0,1
148.92482080346724,5544.650562836207,75.72499450516081,318.93533711479733,1489.1310874882247,0.0484304931339577,0,0,1
149.02483747291217,5552.100545956972,73.96056059056363,313.5807045812739,1476.4761819682044,1.5106907395775389,0,1,-1
149.1248541423571,5559.555530744818,77.12062635684678,311.04146632247125,1554.5237178063546,0.9759409856619016,0,1,-1
149.22487081180196,5567.015517199747,74.0481878072436,311.90936555810737,1504.1416797005515,0.0720368753283614,0,0,1
149.3248874812469,5574.480505321761,74.84699504382048,314.9414039536477,1510.1225129448917,0.1276108162293099,0,0,1
149.4249041506918,5581.9504951108565,76.25456202791376,309.6464318732047,1526.9067239599012,-0.4388991042329244,0,0,1
149.52492082013669,5589.425486567036,76.76855329822746,312.45118699908033,1524.970011296119,-0.3487402759913763,0,0,1
149.6249374895816,5596.905479690301,76.8739723214272,312.38191053960094,1439.0301882166764,0.2335104005301448,0,0,1
149.7249541590265,5604.390474480648,76.0708433101064,325.5952765650477,1573.6010008367125,-0.2120104406729128,0,0,1
149.8249708284714,5611.880470938077,75.93654794004716,301.1134223831776,1514.140355124281,0.5021855123877036,0,1,-1
149.92498749791633,5619.375469062592,75.55502069815935,314.0944001427635,1496.742400897271,0.8340396755943931,0,0,1
150.02500416736123,5626.8754688541885,75.79086315984725,323.63096938081,1527.212145527637,0.2160704416046807,0,0,1
150.12502083680613,5634.380470312869,74.51132470207453,315.6217244043429,1516.2927001307064,0.0976381481479746,0,0,1
150.22503750625106,5641.890473438634,74.29431986970322,318.7895911177306,1541.615433284324,-0.7941118303077543,0,0,1
150.32505417569595,5649.405478231481,75.15915263043702,315.53163699306845,1528.95915318596,0.4220688794944774,0,0,1
150.42507084514085,5656.925484691411,75.0423508000455,311.7058401784317,1536.7509134357522,-0.5238442828843612,0,0,1
150.52508751458578,5664.450492818427,74.80931570796561,303.842929078914,1567.20789054966,-0.1615527098996303,0,1,-1
150.62510418403068,5671.980502612524,76.00893953947205,316.0897888535846,1542.6399760904817,0.5300736960455658,0,0,1
150.72512085347557,5679.515514073704,76.3178656353083,311.19447906233563,1489.2359503375556,0.5659176899368538,0,0,1
150.8251375229205,5687.05552720197,75.5009756477521,311.0808367214656,1439.9176748283055,-0.1841852201273045,0,0,1
150.9251541923654,5694.600541997318,76.94010717723796,312.5975791393409,1578.256058359977,-0.1518733467394948,0,0,1
151.0251708618103,5702.150558459748,74.37089631677165,323.82682411929846,1481.784379153379,-0.3032085007525156,0,0,1
151.12518753125522,5709.705576589265,75.3689343063479,327.1367064643954,1468.8205195316225,-0.5501705607842245,0,1,-1
151.22520420070012,5717.265596385862,74.89577977974726,316.20856010771206,1404.445847193436,-0.2697463188820916,0,0,1
151.32522087014502,5724.830617849543,73.79607381799944,312.80868596745586,1507.0130959681435,-0.76139892167178,0,0,1
151.42523753958994,5732.40064098031,75.62993808395227,309.25639166670294,1496.341977496365,0.3909064398343607,0,0,1
151.52525420903484,5739.975665778158,75.64087959613414,317.49522622863384,1411.9510602945973,0.2466630403552873,0,0,1
151.62527087847974,5747.555692243089,77.326085182482,324.0770550881737,1509.1806214719886,0.3338279807969297,0,0,1
151.7252875479247,5755.140720375106,76.4934554585171,313.93582681966666,1460.4183872765984,-0.4257312074736988,0,0,1
151.82530421736956,5762.730750174204,74.88846528435558,303.2875502179708,1618.6557485493552,-0.5499007700109338,0,1,-1
151.92532088681446,5770.325781640386,77.81675300974142,318.54278044775907,1454.4849036199723,0.0815874467745957,0,0,1
152.0253375562594,5777.925814773653,77.23370247365504,320.1295323128762,1460.0072110606109,0.085378907937106,0,0,1
152.12535422570429,5785.530849574001,76.64477481632076,307.28330722064123,1436.8429295508083,-0.0217891115928554,0,0,1
152.22537089514918,5793.140886041433,75.88620134872475,316.1049580078297,1543.2913777969532,-0.0947523437054159,0,0,1
152.3253875645941,5800.75592417595,75.20325454557357,317.4886688371399,1459.575520133112,0.9037548384468502,0,0,1
152.425404234039,5808.375963977549,75.84049534094845,314.8770039133592,1440.7863066522095,0.2628917833961816,0,0,1
152.52542090348393,5816.001005446234,77.35145907144616,311.29868749492164,1511.1984149363643,1.0389674313971065,0,1,-1
152.62543757292883,5823.631048581999,78.19730509239902,320.34222987511066,1405.652612628934,0.6903130823110207,0,0,1
152.72545424237373,5831.266093384848,77.90597064945905,313.255646694394,1504.7463257749882,0.906698885576116,0,0,1
152.82547091181866,5838.906139854783,75.92388603412306,307.85661627768224,1561.3822667041156,-0.4871512295314418,0,0,1
152.92548758126355,5846.551187991799,75.34312635734277,305.045176329778,1499.465097521441,0.3452809801557101,0,1,-1
153.02550425070845,5854.201237795897,76.65363837226543,321.6067980250673,1501.8529885384794,-0.164014905088398,0,0,1
153.12552092015338,5861.8562892670825,74.79432109451383,318.3958719743709,1512.2853915035398,-0.7842760372723573,0,0,1
153.22553758959828,5869.516342405349,76.93593650898391,315.7624214946057,1553.0930303588168,0.8005755122585014,0,0,1
153.32555425904317,5877.181397210698,76.51517454322291,313.1311822416503,1526.928514774972,-0.0953217664552217,0,0,1
153.4255709284881,5884.8514536831335,76.2467489623758,312.6975650218332,1487.2444295672535,-0.4766863711797479,0,0,1
153.525587597933,5892.52651182265,75.1680907316997,309.9738755175852,1509.2835782447094,-0.1589972760480849,0,0,1
153.6256042673779,5900.206571629249,77.32640224025866,313.20528220393834,1418.6212640283934,-0.3445479125211304,0,0,1
153.72562093682282,5907.891633102935,76.3301096287495,304.7721260180814,1500.5626285074975,-0.2957803390728833,0,1,-1
153.82563760626772,5915.581696243701,75.74290196742358,311.70224549328424,1410.301024910082,-0.0611566276595952,0,0,1
153.92565427571262,5923.276761051551,74.09056492457466,313.8378778458158,1441.0595121189913,0.9112280707001468,0,0,1
154.02567094515754,5930.976827526487,76.98532056752813,318.4519673304678,1304.1152682089871,-0.2804603170335886,0,0,1
154.12568761460244,5938.681895668504,78.83509540397097,315.2129364445934,1477.1485374370795,0.8871774150223476,0,0,1
154.22570428404734,5946.391965477605,78.77411135657154,319.39718599778257,1423.7180642561318,0.4817949073817495,0,0,1
154.3257209534923,5954.10703695379,76.70576422015986,322.17824762091635,1510.3044680088026,0.2501333831139193,0,0,1
154.42573762293716,5961.827110097058,76.6106567511068,320.73342423141423,1473.093311564566,0.4258210663273417,0,0,1
154.52575429238206,5969.552184907408,77.73165140226605,317.805124666131,1508.6258801588745,0.0614365727193206,0,0,1
154.625770961827,5977.282261384845,76.3145000417252,315.52189049208664,1397.0795924391346,0.694055405899454,0,0,1
154.72578763127188,5985.017339529362,77.6646857154554,310.5686387210594,1502.0179848954697,0.3379250624177363,0,0,1
154.82580430071678,5992.757419340963,78.17898242874308,319.18230068696823,1554.2316919930188,-0.7765509392166765,0,0,1
154.9258209701617,6000.502500819649,78.68984370896516,323.8913190081238,1485.9879091389253,0.2052743588326102,0,0,1
155.0258376396066,6008.252583965417,77.41276474332335,317.2131139622128,1486.1394908326065,0.4457718835361364,0,0,1
155.1258543090515,6016.007668778268,77.35925340434879,325.0988811730358,1453.944896620245,-0.0908524249910532,0,0,1
155.22587097849643,6023.767755258205,76.73495290249166,307.8947285575442,1418.0754715808362,0.1151983214640248,0,0,1
155.32588764794133,6031.532843405224,76.8360634699308,309.7617718408964,1481.213351718735,-0.2541058105102548,0,0,1
155.42590431738623,6039.302933219325,77.48647326679159,319.81859797048,1366.6953339644997,-0.6348381387826182,0,0,1
155.52592098683115,6047.078024700511,78.13032600023176,316.8740431494494,1419.9583928269249,-0.7195350432540689,0,0,1
155.62593765627605,6054.85811784878,78.72655345437127,322.1315046484866,1351.1409009935117,-0.7112863214623608,0,0,1
155.72595432572095,6062.643212664132,77.05979821218013,315.4952372289384,1403.3594359932763,0.3874086966953141,0,0,1
155.82597099516587,6070.433309146569,79.40567406654246,311.24271998687493,1469.4939441764266,-1.1860296684033864,0,1,-1
155.92598766461077,6078.228407296087,77.69187023126281,314.52463255543586,1461.5117133529404,-0.2787345323693941,0,0,1
156.02600433405567,6086.02850711269,77.9916348726794,307.9391805787869,1437.639003780292,-0.3275385920105663,0,0,1
156.1260210035006,6093.833608596377,77.31579882260247,309.96964873486485,1442.4655619342225,-0.0875427192481984,0,0,1
156.2260376729455,6101.643711747146,75.68877857619981,320.4848237568846,1338.5053925966772,-0.8787001886860224,0,0,1
156.3260543423904,6109.458816564998,79.04707256755624,319.9965425065871,1413.024538017016,0.2600648474212208,0,0,1
156.42607101183532,6117.278923049937,78.94987940301009,317.4576285252139,1396.440016842717,-0.5787258601116037,0,0,1
156.52608768128022,6125.104031201956,77.98171628352189,307.0472211633257,1396.410473587828,0.6214647723437231,0,0,1
156.62610435072511,6132.934141021058,78.38004289258743,313.8705925575081,1458.1991655509894,-0.2545664211542196,0,0,1
156.72612102017004,6140.769252507246,78.87899972778912,309.5476126587168,1384.0525582475448,0.0098550263895712,0,0,1
156.82613768961494,6148.609365660516,76.85052298792093,321.5652800379003,1395.7024861133889,0.0542463534376904,0,0,1
156.92615435905984,6156.454480480868,77.93402450218362,312.77400476809294,1320.4425832849354,0.1772574252031421,0,0,1
157.02617102850476,6164.304596968307,79.30735019387421,310.2738785489427,1408.9503156758044,0.0773453939054194,0,0,1
157.12618769794966,6172.159715122827,77.30880442580558,315.8615995954021,1368.1259378771156,-0.1600360953978291,0,0,1
157.22620436739456,6180.01983494443,78.90666011586391,312.5218481525664,1425.3402129804592,0.2292611711990033,0,0,1
157.32622103683948,6187.884956433119,77.30652871379634,323.15134165470243,1372.6878254786288,0.2865869311703102,0,0,1
157.42623770628438,6195.755079588888,79.17954883557572,312.06856928295747,1424.3344106217633,-0.3240823316791233,0,0,1
157.52625437572928,6203.630204411742,78.72748570556716,308.7564841414498,1410.737989367274,0.2704341046984617,0,0,1
157.6262710451742,6211.510330901681,77.19800370668159,304.99805952572984,1500.4402529214776,0.6490969305708302,0,1,-1
157.7262877146191,6219.395459058701,80.02788321176672,315.6186962593948,1440.5658572358002,0.4138110718294158,0,0,1
157.82630438406403,6227.285588882807,78.17856061523396,312.9729798691167,1322.5907648821185,0.5219685576322499,0,0,1
157.92632105350893,6235.1807203739945,78.15290808974008,308.64810907279224,1350.1968222305916,0.141673498272848,0,0,1
158.02633772295383,6243.080853532265,79.21373805870786,321.7487660785743,1415.0711757149045,-0.4094959114470405,0,0,1
158.12635439239875,6250.985988357621,80.21181454562809,319.1488611763861,1364.6887928555284,-0.3434316540516584,0,0,1
158.22637106184365,6258.896124850058,78.09736371194343,315.6815477114982,1261.6340872303792,0.2155103594461679,0,0,1
158.32638773128855,6266.811263009579,79.22487371549225,322.6542699939832,1476.4020456354096,0.5299919196188088,0,0,1
158.42640440073347,6274.731402836186,79.6420187006973,319.1553206070664,1443.8090540030646,1.4527277646037926,0,1,-1
158.52642107017837,6282.656544329873,79.95631614235234,311.73836259942567,1432.720721337534,0.5515710966138748,0,0,1
158.62643773962327,6290.586687490644,79.48966042508886,310.6665429540085,1375.180650464766,-0.5258726585072628,0,0,1
158.7264544090682,6298.521832318501,78.99619936545078,319.9625531631761,1425.8064662141005,-0.3256548280198622,0,0,1
158.8264710785131,6306.461978813439,78.58564531860783,317.8644818901881,1368.0813355080677,1.1961260571372598,0,1,-1
158.926487747958,6314.40712697546,79.54938775702537,316.7413876146491,1412.4198391965824,-0.047682327705329,0,0,1
159.02650441740292,6322.357276804568,78.44111319671585,311.6701614273958,1355.026333052977,0.0802369169073184,0,0,1
159.12652108684782,6330.312428300756,76.6419100599293,318.9523899437135,1475.7493340062354,-0.428369778897475,0,0,1
159.22653775629271,6338.272581464027,80.04982868230402,312.1451593599595,1320.3033921650954,0.843478302948023,0,0,1
159.32655442573764,6346.237736294384,80.56721205395502,315.4227221696054,1459.3106252757618,0.3125857739868908,0,0,1
159.42657109518254,6354.207892791823,77.35035311204943,323.1773778414532,1398.5243289561352,-0.3336752683315104,0,0,1
159.52658776462744,6362.183050956345,78.75356317760378,312.648487597412,1370.9881856515403,-0.4395918318201209,0,0,1
159.62660443407236,6370.163210787952,80.43245647804137,308.09771415804295,1402.695572760001,0.2156294062751955,0,0,1
159.72662110351726,6378.1483722866415,81.92080602147033,310.7099261510012,1429.8976109693526,0.0885763874099612,0,0,1
159.82663777296216,6386.138535452414,79.93411259415649,320.95415791073435,1460.4532233450725,0.4766521082745246,0,0,1
159.92665444240708,6394.133700285272,79.2353242799744,317.2663211311417,1504.8671064321286,0.3321231601153562,1,0,1
160.02667111185198,6402.133866785211,79.83043911482115,315.3582802177414,1345.3551070880435,-0.0719371734040448,0,0,1
160.12668778129688,6410.139034952233,81.43822030979662,313.46719975157185,1391.5597650552438,-0.2068980318865871,0,0,1
160.2267044507418,6418.149204786341,79.46738804624637,318.4494699828401,1478.5071573303494,-0.0206879949169194,0,0,1
160.3267211201867,6426.16437628753,79.3641685534431,311.7871478570675,1453.941524806493,-0.2163446032318458,0,0,1
160.4267377896316,6434.184549455803,79.73062537263377,317.57100162217614,1430.886807163508,-0.0050766616853584,0,0,1
160.52675445907653,6442.209724291161,79.31004862127955,312.39640260184285,1424.1248839726463,0.0670661467641081,0,0,1
160.62677112852143,6450.239900793601,80.43605588025551,311.5743801864769,1418.20582347948,-0.3869275773106011,0,0,1
160.72678779796632,6458.2750789631245,81.98807235745272,312.8852416056716,1440.0647322218067,0.3820204525303868,0,0,1
160.82680446741125,6466.315258799733,80.73648150682165,314.2056432143213,1358.1901076136264,-0.1222996121417737,0,0,1
160.92682113685615,6474.360440303422,80.21105706630179,315.8485329340171,1312.162684162909,-0.3595537760209654,0,0,1
161.02683780630105,6482.410623474196,80.22160763423499,317.2799627561857,1382.2634864818256,-0.1143849911429421,0,0,1
161.12685447574597,6490.465808312055,79.00023642917633,297.6708589904324,1336.831438834187,0.1791215835240894,0,1,-1
161.22687114519087,6498.525994816995,81.49654534974259,312.08443432578525,1323.8575691610758,0.1066980980202475,0,0,1
161.32688781463577,6506.591182989018,80.58560671030509,314.1748388946834,1339.4936481807076,0.2735318656316702,0,0,1
161.4269044840807,6514.661372828128,80.53297232844972,323.66800064144974,1498.673123935368,0.5114924968059317,0,0,1
161.5269211535256,6522.736564334318,83.95656814460766,310.7526790734419,1380.1143900251373,0.725465145685025,0,0,1
161.6269378229705,6530.816757507592,81.11222181985093,316.9766768727966,1390.305159962369,0.2067683308581701,0,0,1
161.72695449241542,6538.901952347952,80.11168619611253,323.64784699792074,1392.3414758164513,-0.4735977714249944,1,0,1
161.8269711618603,6546.992148855393,80.48712798472461,309.61785446644967,1277.8279746693254,-0.0723692918158344,0,0,1
161.9269878313052,6555.087347029917,82.11193962484936,318.16257491245256,1327.9672336899578,-0.4350956342607118,0,0,1
162.02700450075014,6563.187546871526,81.12677266091283,312.1913412804024,1439.7347647441466,0.912495647119634,0,0,1
162.12702117019504,6571.292748380218,79.62523260678014,313.68953340557334,1383.4447541252594,1.0534251209849133,0,0,1
162.22703783963993,6579.402951555991,82.03274785439517,312.2071496141974,1395.5676057308938,0.3919740540223611,0,0,1
162.32705450908486,6587.518156398852,80.49538316900343,312.57341890882907,1401.473897755698,0.4914395204726426,0,0,1
162.42707117852976,6595.638362908793,83.08683336548242,329.85226785738547,1333.8867450430064,0.1956162525533992,0,1,-1
162.52708784797466,6603.763571085818,82.34359198970198,320.4749881451557,1431.7619843706002,0.2508129227613876,0,0,1
162.62710451741958,6611.893780929928,80.86623036305105,321.771399760673,1329.633688553362,-0.7354311015029829,0,0,1
162.72712118686448,6620.02899244112,82.64457695516735,318.73267955286894,1430.4969213260665,0.0317660348382547,0,0,1
162.82713785630938,6628.169205619394,81.4814244386821,308.2514298436212,1381.2125168270595,-0.3754432610080099,0,0,1
162.9271545257543,6636.314420464755,82.31635093799937,318.267505304192,1268.558127077731,0.2083780565580301,0,0,1
163.0271711951992,6644.464636977197,81.99831841489407,321.66736519205665,1319.5237556462496,0.0369072114797274,0,0,1
163.1271878646441,6652.619855156722,80.71723727733118,312.04572141626886,1266.592017240003,1.036268772124722,0,0,1
163.22720453408903,6660.780075003333,80.97005243472705,321.14935378921456,1412.9186324569391,0.5219167590214469,0,0,1
163.32722120353392,6668.945296517026,82.69357141934812,319.85440316962377,1352.4342040427591,0.2111434718685448,0,0,1
163.42723787297885,6677.115519697803,81.37884360438288,325.6029240113662,1241.1711689893657,-0.068646067750108,0,0,1
163.52725454242375,6685.290744545662,81.35997880796988,314.26381039167427,1370.29381692199,0.9027777261566868,0,0,1
163.62727121186865,6693.470971060605,80.85851302658497,310.87467220980824,1323.5673068183253,0.0482959222902478,0,0,1
163.72728788131357,6701.656199242632,82.28724300625025,314.56458824126867,1275.1551388483513,0.2334458554454864,0,0,1
163.82730455075847,6709.846429091742,83.97617719462238,323.560585420894,1432.1644989797833,0.094185238070755,0,0,1
163.92732122020337,6718.041660607934,80.89612769584741,307.2507027178105,1352.5521391456289,-0.1386926965963928,0,0,1
164.0273378896483,6726.2418937912125,82.0378884014969,306.06085521180967,1331.4387769223254,0.0850874533824542,0,0,1
164.1273545590932,6734.447128641572,83.47589783496203,316.8597118505674,1325.062470983791,-0.9095757093100624,0,0,1
164.2273712285381,6742.657365159015,82.03404422302333,314.209790658983,1268.293960678937,-0.7070307392107376,0,0,1
164.32738789798302,6750.872603343544,82.61606574524124,316.4713782556767,1277.6555736812602,0.2434572746318462,0,0,1
164.4274045674279,6759.092843195153,81.15130875556707,321.16929931292213,1406.054802159591,0.8482416288522914,0,0,1
164.5274212368728,6767.318084713847,82.69201771564406,313.689895393093,1317.0416227260284,0.2429931043901874,0,0,1
164.62743790631774,6775.548327899625,82.12657468815432,307.09771463597866,1340.7668129186663,-0.2930754889376901,0,0,1
164.72745457576264,6783.783572752485,83.34945728356118,326.695153243576,1236.3754233887844,-0.6504317589305969,0,1,-1
164.82747124520753,6792.023819272429,83.60112167416852,311.49660568732685,1271.616721720607,0.4640819979448639,0,0,1
164.92748791465246,6800.269067459459,85.05330759934485,311.19756318140475,1366.942182114766,-0.2068671308995938,0,0,1
165.02750458409736,6808.5193173135685,83.09338546526226,322.0213505270227,1354.268232351589,0.3917834763338312,0,0,1
165.12752125354226,6816.774568834762,82.8895569433533,314.5903065201466,1421.983347436873,0.2644441475331854,0,0,1
165.22753792298718,6825.034822023042,82.80815326307092,316.20580453212466,1400.3952014830843,0.308401960247082,0,0,1
165.32755459243208,6833.300076878402,82.31061100340536,318.9467060795448,1320.6454872410177,0.0844827055651904,0,0,1
165.42757126187698,6841.570333400847,83.05226947440018,321.9606726417377,1354.7632179448356,0.2618555723096267,0,0,1
165.5275879313219,6849.845591590376,82.46839255552192,314.8854553272233,1314.220723605965,0.0084491662557809,0,0,1
165.6276046007668,6858.125851446987,82.98226327665301,324.16252048964816,1431.727594241432,-0.2478448040006386,0,0,1
165.7276212702117,6866.411112970682,84.18140817071381,305.8937628833472,1385.3748965058796,-0.4080016728011655,0,0,1
165.82763793965665,6874.701376161462,81.90727640454867,320.3816999787311,1335.3463247947775,-1.126072711749606,0,0,1
165.92765460910152,6882.996641019323,84.10370586567981,312.39512767082186,1335.8205675192428,-0.0170678369618985,0,0,1
166.02767127854642,6891.296907544267,84.33095070661308,323.46412371089457,1396.9829494574346,0.8339413261562401,0,0,1
166.12768794799135,6899.602175736298,82.94577544700459,317.32299118895185,1352.659782385761,0.4347315266631309,0,0,1
166.22770461743625,6907.912445595409,80.99199740970953,313.2582438016966,1400.5535932574685,0.1775225082713385,0,0,1
166.32772128688114,6916.227717121604,82.55603865634613,319.94697759379625,1211.8819452253942,-0.2985500960886682,0,0,1
166.42773795632607,6924.547990314884,84.51086352472414,321.10871553166885,1343.5687498308791,0.573532572763416,0,0,1
166.52775462577097,6932.873265175246,83.2410092505866,319.8622460768703,1293.679434145991,0.0109882067746066,0,0,1
166.6277712952159,6941.203541702691,82.31458341531302,311.5142959313563,1406.214762115933,0.8551614211704026,0,0,1
166.7277879646608,6949.538819897222,82.85911906110218,314.2526931783557,1394.6613265032229,-0.4211293049795908,0,0,1
166.8278046341057,6957.879099758834,84.2545223435574,316.6624162778034,1317.9295553876334,-0.3009906750473298,0,0,1
166.9278213035506,6966.2243812875295,84.01064421997667,316.4864838671048,1392.0165293670498,-0.3504594740765363,0,0,1
167.0278379729955,6974.574664483311,83.27498688732807,320.4515111744913,1403.3387639511386,-0.6703061196293016,0,0,1
167.1278546424404,6982.929949346173,83.19710290940552,306.638279301711,1316.8522704304553,-0.3980216676029033,0,0,1
167.2278713118853,6991.290235876119,83.22217750689883,318.394422403956,1435.6783650230643,0.1221899771674402,0,0,1
167.32788798133024,6999.6555240731495,82.74153380616661,315.2828820259498,1309.4651983476072,-0.2870607481577918,0,0,1
167.42790465077513,7008.025813937263,85.32932801485701,312.5502873831577,1299.2576273843654,-1.8504917342741465,0,1,-1
167.52792132022003,7016.401105468458,83.44164019089868,313.040358243174,1352.2295619195754,0.6084323734961651,0,0,1
167.62793798966496,7024.78139866674,85.03112751565797,315.69010547637663,1290.1994915207906,-0.7653935551002244,0,0,1
167.72795465910986,7033.166693532103,85.38529338147738,298.7673699436134,1311.109949783308,0.3725070965948641,0,1,-1
167.82797132855475,7041.556990064549,84.91229656242534,313.2763492788977,1376.2694517701682,0.0918484798692916,0,0,1
167.92798799799968,7049.952288264081,83.53237368628179,312.4137246765685,1305.7142787417774,1.1302790779529737,0,1,-1
168.02800466744458,7058.352588130694,84.4177324240589,319.46671651335754,1218.9588873660368,0.5730250261708159,0,0,1
168.12802133688947,7066.757889664391,84.03981506205382,312.7851687211364,1321.0330219436464,-0.1790292966132143,0,0,1
168.2280380063344,7075.168192865173,83.21031714243708,315.747234799781,1266.810483119881,-0.2804883386251688,0,0,1
168.3280546757793,7083.583497733036,84.48838661961125,324.5441886058845,1343.8476627764398,0.8261502665327318,0,0,1
168.4280713452242,7092.003804267984,83.03499588145229,321.8145647335996,1334.3533661936358,-0.6679577231549417,0,0,1
168.52808801466912,7100.429112470016,85.45172339579612,321.36416580118413,1372.0745052866932,0.1735673416828177,0,0,1
168.62810468411402,7108.859422339129,83.84943504475862,314.3634483163572,1342.842541714046,0.0070784300148352,0,0,1
168.72812135355892,7117.294733875327,84.5652203326523,319.5879735318041,1350.940410308458,-0.0965647123416482,0,0,1
168.82813802300385,7125.73504707861,84.69735688304806,315.7133248000324,1261.9364575605423,0.2522575538483806,0,0,1
168.92815469244874,7134.180361948973,84.2051723725203,315.9123494158601,1334.5545491307198,0.1686077428558323,0,0,1
169.02817136189367,7142.630678486423,85.10077948242211,318.9512438549221,1391.742546236561,0.3055961311092791,0,0,1
169.12818803133857,7151.085996690954,84.08919035904675,313.9278508610292,1257.853071769871,0.1429261172291603,0,0,1
169.22820470078346,7159.546316562568,85.48539964784898,324.3878359922944,1381.2388945597895,0.2870871443332536,0,0,1
169.3282213702284,7168.011638101268,83.31813100486745,316.1321714390332,1262.7517148619409,0.1175758078288961,0,0,1
169.4282380396733,7176.481961307049,84.84049859938305,320.0346266352656,1246.5887226337418,-0.2537203440250315,0,0,1
169.5282547091182,7184.957286179913,86.70305635361738,324.2308278671983,1302.9661978732174,0.0846580308342402,0,0,1
169.6282713785631,7193.437612719864,83.81380436467599,322.1210960107322,1322.9214120260226,-0.2846728139783859,0,0,1
169.728288048008,7201.922940926895,84.18639905347915,309.9282332913482,1331.683936967572,-0.3164236591398836,0,0,1
169.8283047174529,7210.413270801009,85.42806020838538,319.2073099467947,1236.979672655871,-0.0900311999684525,0,0,1
169.92832138689784,7218.90860234221,85.14374247538852,321.246429110993,1305.7669842004652,0.0173340557424722,0,0,1
170.02833805634273,7227.408935550492,85.36479912744493,321.462148916438,1248.7352584664236,0.0954334085233398,0,0,1
170.12835472578763,7235.914270425857,85.55336449304149,311.44636130200564,1207.5407033420513,0.5366766302517954,0,0,1
170.22837139523256,7244.424606968308,85.74890716617804,313.7376609544366,1234.524650219087,-0.1700485450032203,0,0,1
170.32838806467743,7252.939945177839,86.27389387429496,322.00562998517586,1242.3919176368038,0.1795050380680202,0,0,1
170.42840473412235,7261.460285054454,85.62402102398968,313.234038619999,1304.9929833238928,0.1377520565433171,0,0,1
170.52842140356728,7269.985626598156,85.0229530471651,315.5543618570352,1335.5010166087843,-0.2276892455125388,0,0,1
170.62843807301218,7278.515969808938,85.98679273770883,324.94222285481106,1203.207928233213,0.116908069398656,0,0,1
170.72845474245707,7287.051314686803,87.26410930612376,316.83384922232176,1293.445057177201,0.5861211090560391,0,0,1
170.828471411902,7295.591661231755,85.28160195956843,313.448976452021,1215.9916547324494,0.1707813585765821,0,0,1
170.9284880813469,7304.137009443787,84.48971473600281,312.7047620238202,1305.2612111869666,0.1880829110119508,0,0,1
171.0285047507918,7312.687359322903,86.62133304468287,318.76644712300515,1241.6516039096502,-0.2703093289887573,0,0,1
171.12852142023672,7321.242710869104,85.44387954616477,310.4471120996376,1219.2036891382886,1.062529088362522,0,1,-1
171.22853808968162,7329.803064082387,83.44159949882678,315.88617398948605,1310.7361870907591,-0.2528825933115227,0,0,1
171.32855475912652,7338.368418962754,86.51169905671368,318.7990081508628,1240.3904658881536,-0.7519413018863336,0,0,1
171.42857142857144,7346.938775510205,85.1789575283318,323.6386062455955,1252.9228463322108,0.5072607305019831,0,0,1
171.52858809801634,7355.514133724739,85.673760766704,320.4905992116516,1156.7068495137044,0.0215067751138613,0,0,1
171.62860476746124,7364.094493606355,86.14628271429963,313.5925348868352,1314.0199435569634,-0.0709061418022979,0,0,1
171.72862143690617,7372.679855155057,86.05481039823215,323.06495873150925,1306.7246840919706,-0.1924935356488806,0,0,1
171.82863810635106,7381.270218370841,86.62377087031457,315.68528862289776,1264.939843100154,1.0182211604607343,0,0,1
171.92865477579596,7389.865583253707,85.52884101732813,311.0143503673325,1187.276406327628,0.255695405028058,0,0,1
172.0286714452409,7398.46594980366,86.52744152079653,316.3426603481967,1323.1132238306627,0.3568840038371947,0,0,1
172.1286881146858,7407.071318020693,85.80479737975898,324.4037148171971,1228.3217154765175,0.160691289022354,0,0,1
172.22870478413068,7415.68168790481,86.85316287295285,318.0490707287377,1237.9581398857456,0.2182404270392388,0,0,1
172.3287214535756,7424.297059456013,86.77972821080085,317.2954814670065,1375.2197498745334,0.7822544331203123,0,0,1
172.4287381230205,7432.917432674297,85.27893035946566,325.4289320358163,1223.4282659409362,-0.0479084576799544,0,0,1
172.5287547924654,7441.542807559664,87.35035951240773,310.09610124397443,1294.7139331366332,-0.6433810516665709,0,0,1
172.62877146191033,7450.173184112117,85.77842228584112,310.8348815759272,1284.7022001229468,0.5133163776928239,0,0,1
172.72878813135523,7458.808562331651,87.17245186395876,309.1936464583014,1275.101153156968,0.3327645494941753,0,0,1
172.82880480080013,7467.448942218269,86.7816897138014,319.1461214124803,1268.6883309820344,0.1369393294856205,0,0,1
172.92882147024503,7476.094323771972,88.30259441191765,318.1253477826001,1272.4042954943832,0.3241506082087675,0,0,1
173.02883813968995,7484.744706992756,86.29095308747313,325.0165656503679,1266.1792630544214,-0.1042307931157189,0,0,1
173.12885480913485,7493.400091880624,86.21511060844922,318.53026086659736,1248.9844835960191,0.0912112028850261,0,0,1
173.22887147857978,7502.060478435577,86.59501613340215,315.30210135046144,1326.143527046357,0.0164074785380948,0,0,1
173.32888814802467,7510.725866657612,86.36126429117806,317.341863179193,1183.9461127445509,-0.2143458421401792,0,0,1
173.42890481746957,7519.39625654673,87.51439431067683,317.9314275740518,1299.652615926315,0.6802996115071482,0,0,1
173.5289214869145,7528.071648102934,85.14815013502066,308.99408578205066,1288.6981949584429,-0.6290682873330019,0,0,1
173.6289381563594,7536.752041326219,85.76078665903334,330.9145520373104,1281.5032041072054,1.2596670520757305,0,1,-1
173.7289548258043,7545.437436216587,85.79667449132296,319.97225057309,1301.4351855187376,0.518035490459678,0,0,1
173.82897149524922,7554.127832774041,87.86479333959818,318.43293868963787,1239.960007910318,-0.8019252072270447,0,0,1
173.92898816469412,7562.823230998577,88.67510745492899,320.46871873786233,1150.1458342226078,-0.0218303813964168,0,0,1
174.02900483413902,7571.523630890195,86.91005319853204,320.9499553863469,1238.9852615343548,-0.0008449307213425,0,0,1
174.12902150358394,7580.2290324488995,86.89568902860196,316.7101347228462,1192.0463356741077,0.2793176675778439,0,0,1
174.22903817302884,7588.939435674685,87.1845712496276,314.26669813609936,1204.0200329905433,-0.410229624956347,0,0,1
174.32905484247374,7597.654840567554,88.32640572384506,320.4301589158559,1177.499750977025,0.1048805605272314,0,0,1
174.42907151191866,7606.375247127509,86.28718262176876,319.3714613538492,1214.7620265534842,0.0205678575372315,0,0,1
174.52908818136356,7615.100655354545,87.50291307341656,313.4034583226893,1207.8074125706155,-0.2831398694154783,0,0,1
174.6291048508085,7623.831065248666,88.28975005518667,324.5580885419172,1117.7702259203852,-0.3496527455695713,0,0,1
174.7291215202534,7632.566476809869,87.86565493006654,318.93967233364026,1270.670724846913,0.5464682236202418,0,0,1
174.82913818969828,7641.306890038155,87.60415071144789,321.132010630308,1345.6874251349789,-0.7622341271942377,0,0,1
174.9291548591432,7650.052304933527,88.46562352213874,324.4525199243139,1263.9956853146427,0.3283580739607801,0,0,1
175.0291715285881,7658.802721495979,84.81135347129482,317.612361258683,1222.5509110391524,0.4746477446271957,0,0,1
175.129188198033,7667.5581397255155,88.24246941854742,319.0976788547239,1228.973861497322,-0.0207419106589228,0,0,1
175.22920486747793,7676.318559622138,86.96052675061154,321.5730566792784,1209.6767488537712,0.1098032846533615,0,0,1
175.32922153692283,7685.083981185841,85.83397787160496,313.90861673469203,1234.243770348405,0.661235559682157,0,0,1
175.42923820636773,7693.854404416627,88.22582170270884,317.81318213486674,1226.9077226491572,-0.2639539479949517,0,0,1
175.52925487581263,7702.6298293145,89.13828598306928,318.180668420837,1185.72292869811,-0.2087053615614458,0,0,1
175.62927154525755,7711.410255879454,87.67718725800108,312.7826343961088,1310.9377785688796,-0.1614039699342898,0,0,1
175.72928821470245,7720.195684111491,88.81751865455416,329.1611127648397,1151.4544416490355,0.673486466630365,0,1,-1
175.82930488414738,7728.986114010613,89.52693070006234,310.5464632709527,1260.748309688665,0.7398606126889087,0,0,1
175.92932155359227,7737.781545576817,89.27957523038019,311.1024126369234,1218.7922144112174,-0.6052478814960852,0,0,1
176.02933822303717,7746.581978810103,89.65463364088998,324.17406670082164,1317.9148333050598,0.5973626269409624,0,0,1
176.1293548924821,7755.387413710477,88.80680493731295,321.1792667432309,1238.9384021887238,0.5002347649279815,0,0,1
176.229371561927,7764.197850277931,88.19011941986508,312.4931130687888,1202.9226073153786,0.865128987274121,0,0,1
176.3293882313719,7773.013288512468,86.56272830378877,320.66938389864566,1207.55601784906,0.2746924645324313,0,0,1
176.42940490081682,7781.833728414092,87.96863996227846,324.9821927150682,1220.960987115859,0.0653358751111549,0,0,1
176.52942157026172,7790.659169982796,87.42146418981467,317.5016268690413,1160.8511726573076,0.6579667198475272,0,0,1
176.62943823970662,7799.489613218583,90.48566183735112,330.65705832434355,1178.673065942486,0.4471961243475923,0,1,-1
176.72945490915154,7808.325058121457,88.18884164214343,309.05263643657497,1126.795957680366,1.2107757740141962,0,1,-1
176.82947157859644,7817.165504691411,88.5379405960827,321.15206442715515,1168.9217036899806,0.5690597504906155,0,0,1
176.92948824804134,7826.010952928449,89.01622950006113,323.5255905059092,1218.7940430649069,0.1683993881473789,0,0,1
177.02950491748626,7834.861402832574,88.55835490511559,322.1596699997749,1228.1364191016032,-0.4972651398369774,0,0,1
177.12952158693116,7843.716854403778,90.25981183389634,316.6911735254649,1113.1909062036634,-0.1936769290157738,0,0,1
177.22953825637606,7852.577307642066,87.99211976645358,316.27074641558187,1204.32730615681,-0.6304201289574419,0,0,1
177.329554925821,7861.442762547441,88.85938491814774,319.9536813480184,1238.3896646244054,-0.0165389353091489,0,0,1
177.42957159526588,7870.313219119896,87.9723152119349,321.82172959278694,1201.1056079873192,0.5505140370244741,0,0,1
177.52958826471078,7879.188677359434,87.44477162113469,320.7653260078829,1176.5946101189322,0.0836117108130285,0,0,1
177.6296049341557,7888.069137266058,88.20303337617257,322.9632499473825,1186.7095834667623,0.5992449156857663,0,0,1
177.7296216036006,7896.954598839764,88.82777400475189,312.6786123750264,1179.3138442226202,0.2596517633240798,0,0,1
177.8296382730455,7905.845062080552,88.4855169120055,316.6441089316864,1173.5506275911346,-0.1120486068527322,0,0,1
177.92965494249043,7914.7405269884275,88.27240649137136,313.09288583363025,1213.11424708887,0.1324676391164422,0,0,1
178.02967161193533,7923.640993563383,87.60851834229582,315.8724032807628,1318.8441685813054,0.3221222540584114,0,0,1
178.12968828138025,7932.546461805422,88.98173856806142,322.8890732872096,1165.3122181882663,0.1610975069853921,0,0,1
178.22970495082515,7941.456931714547,87.61013210138158,318.36289009870865,1185.628309094302,0.1614222182826142,0,0,1
178.32972162027005,7950.372403290753,89.92491677382463,330.86726797777584,1197.9895396915745,-0.2891557891870591,0,1,-1
178.42973828971495,7959.292876534042,89.29730889779198,318.8100056649201,1165.2464794992509,-0.1237183358230098,0,0,1
178.52975495915987,7968.218351444418,87.80732598011501,318.15143489881467,1253.5665239592777,1.2160704208046005,0,1,-1
178.62977162860477,7977.148828021874,89.00567673725253,318.3938917600616,1079.1517650785731,0.7058159165264501,0,0,1
178.72978829804967,7986.084306266413,88.61273774343425,314.6839353655053,1170.1851419668246,-0.6469167180943828,0,0,1
178.8298049674946,7995.024786178039,89.73407699416647,317.5937974348615,1236.696620211413,-1.0889121551801706,0,1,-1
178.9298216369395,8003.970267756745,90.80536126449287,323.5319222992522,1180.1198164406417,0.1372169771939321,0,0,1
179.0298383063844,8012.920751002535,87.63974668354645,318.4728371712773,1152.8269473249184,0.5329303111629715,0,0,1
179.12985497582932,8021.876235915411,89.67995356706207,313.9456868481656,1214.9518607276198,-0.1656235736257494,0,0,1
179.22987164527422,8030.836722495367,89.45480302707047,313.2975640621342,1237.2770762333555,0.6042457159636143,0,0,1
179.3298883147191,8039.802210742408,90.33628423381002,315.68197937314267,1201.5383412908016,0.1269339546668997,0,0,1
179.42990498416404,8048.772700656534,89.9281491203197,318.31230767047083,1149.9929681043443,0.0138521722200938,0,0,1
179.52992165360894,8057.748192237741,89.01299149506565,323.92092484274224,1211.9123310060495,0.4696698753791006,0,0,1
179.62993832305384,8066.728685486031,89.4959152258603,311.2605506254732,1168.0486402673616,-0.1723521352214819,0,0,1
179.72995499249876,8075.714180401407,89.06895163944588,316.3738641098061,1224.4601502787143,-0.0515140310835785,0,0,1
179.82997166194366,8084.704676983865,90.99099296957044,318.70454726336976,1260.414211391664,0.4350112540118866,0,0,1
179.9299883313886,8093.700175233408,89.98630581436623,308.8244699949917,1055.023649783201,0.079928872379876,0,0,1
180.03000500083348,8102.700675150032,91.91619318616976,313.83500908525133,1189.907840492763,1.0584214164246253,0,1,-1
180.13002167027838,8111.70617673374,90.00435002132457,314.61355946834686,1096.6205074905783,0.4426153702927626,0,0,1
180.2300383397233,8120.716679984534,89.4066124029512,314.0431519647198,1304.550128742601,0.4076250228475181,0,0,1
180.3300550091682,8129.732184902407,88.65131311197128,318.9924532260251,1158.108724951665,0.065405375918944,0,0,1
180.4300716786131,8138.752691487365,88.41189616305061,317.24020912035235,1217.8886223198344,0.5265830648341681,0,0,1
180.53008834805803,8147.7781997394095,88.68090823102352,315.27657832180057,1177.8598816526446,-0.071027909610314,0,0,1
180.63010501750293,8156.808709658534,90.58217915976294,320.20282363451344,1138.5280152124808,0.2393469484605908,0,0,1
180.73012168694785,8165.844221244743,90.87378586670384,326.68838575692604,1131.6368661137988,-0.3587289968304269,0,0,1
180.83013835639275,8174.884734498036,88.83387847616424,326.27929641934804,1256.0815053565898,0.6106101421284285,0,0,1
180.93015502583765,8183.930249418411,91.36011582699494,308.4791566422721,1223.6532313409325,0.2468510690041673,0,0,1
181.03017169528252,8192.98076600587,90.03202479595784,320.98837808870394,1272.0950671303626,1.0870755868252022,0,1,-1
181.13018836472747,8202.036284260414,90.71188719434927,317.2229023861536,1176.7488161457402,1.294865781353406,0,1,-1
181.2302050341724,8211.09680418204,92.2273231453416,318.89879721774406,1187.433168671813,0.4871056542214993,0,0,1
181.33022170361727,8220.162325770747,91.56195016767415,316.14160700264904,1158.739398542557,0.1366572470075768,0,0,1
181.4302383730622,8229.232849026543,90.44658853862526,318.7309669867422,1156.8074062788746,-0.3754551402323315,0,0,1
181.5302550425071,8238.308373949418,89.87393529583827,318.9100624846108,1118.130459213381,0.5475307091305691,0,0,1
181.630271711952,8247.388900539378,88.6633204546467,315.2682683844506,1173.489353979718,0.1953479526342302,0,0,1
181.7302883813969,8256.474428796422,90.14599087145604,313.6911910990138,1128.891301879852,0.3653170551583624,0,0,1
181.83030505084184,8265.564958720548,90.70402228659322,315.93955209198674,1189.5146129187092,0.96357634014163,0,0,1
181.9303217202867,8274.660490311757,89.97798133299217,319.3643284943125,1174.9859603432649,-0.3166197661227711,0,0,1
182.03033838973164,8283.761023570052,90.88391222777352,321.1980155473945,1267.232196378298,-0.3626905747041656,1,0,1
182.1303550591765,8292.866558495429,91.14202941254705,322.4797803926184,1248.3767513478956,-0.0176247246888527,0,0,1
182.23037172862144,8301.977095087888,90.89032988250264,315.75208705752755,1161.8028780663565,0.510089967480059,0,0,1
182.3303883980664,8311.092633347433,90.51519161820973,319.65226167632034,1200.594391897731,0.3753043070134361,0,0,1
182.4304050675113,8320.21317327406,91.38385720572236,323.0555534665176,1264.4035255730655,-0.3461905045335914,0,0,1
182.53042173695616,8329.338714867768,91.70715151804748,324.08101664941626,1226.2296602651782,0.4813697073201801,0,0,1
182.63043840640108,8338.469258128565,90.2248201257577,317.96887956998245,1217.6287893778033,-0.5039731564553606,0,0,1
182.730455075846,8347.604803056442,92.77615991766926,317.1683868828865,1143.7081339622282,-0.3108930275468644,0,0,1
182.83047174529088,8356.7453496514,91.31664774036118,319.238668343711,1169.5976798344277,0.0436280009257002,0,0,1
182.9304884147358,8365.890897913448,91.48409383031274,312.54451147698654,1091.275436213428,-0.1746174049030688,0,0,1
183.0305050841807,8375.041447842574,92.22346696534692,317.3350029532406,1181.2094354701226,0.5503580645560652,0,0,1
183.1305217536256,8384.196999438785,91.7984770080763,322.0359841677282,1169.0619291651192,0.2466922763477373,0,0,1
183.23053842307053,8393.357552702082,92.56840584544852,321.5327894895256,1155.5841210682436,0.9897939545543076,0,0,1
183.33055509251545,8402.523107632458,91.95240171145954,316.9817174874321,1204.851287820475,-0.0193958381089161,0,0,1
183.43057176196032,8411.693664229919,91.10284850633973,319.4316481816319,1092.1802293657793,0.039315437309162,0,0,1
183.53058843140525,8420.869222494466,92.12679774090871,314.22980714168705,1233.390273013807,0.7101790288733869,0,0,1
183.63060510085012,8430.049782426093,90.6715763431044,321.8805212512101,1195.8142621215436,0.0530823211789867,0,0,1
183.73062177029504,8439.235344024804,91.97387059092404,317.9839549963472,1146.2739627209169,0.8512965535171637,0,0,1
183.83063843974,8448.4259072906,91.88208922922551,317.0033065854933,1141.4495524126482,0.3742935276773688,0,0,1
183.93065510918487,8457.621472223478,91.75721069731988,316.5844463304516,1171.9976981982063,-1.073075534189875,0,1,-1
184.03067177862977,8466.82203882344,91.88679837787596,318.0885978433637,1223.0915396151927,0.6926858629311209,0,0,1
184.1306884480747,8476.027607090487,90.1834951785397,316.17368062014765,1151.2119388788813,0.5528216430713545,0,0,1
184.2307051175196,8485.238177024616,91.56662765101883,321.7137856917648,1152.4164067445213,0.5781317359388871,0,0,1
184.3307217869645,8494.453748625827,92.25820579462336,316.45665443861554,1145.204827409957,-0.8499021523100078,0,0,1
184.4307384564094,8503.674321894123,92.3752256202021,326.4078943257778,1232.484883642356,-0.2253717945619768,0,0,1
184.5307551258543,8512.899896829502,91.2377024220012,325.7791280299923,1124.0250293486258,-0.1933437782479853,0,0,1
184.6307717952992,8522.130473431964,93.58109373851433,314.0053597302574,1140.080042476823,-0.3087757808087508,0,0,1
184.7307884647441,8531.36605170151,91.49921938415756,318.82160019362084,1213.814173872228,0.9731266973482656,0,0,1
184.83080513418903,8540.60663163814,93.38485976762124,315.229797406738,1147.08063184579,0.1049624567768564,0,0,1
184.93082180363396,8549.852213241851,92.89260526368864,316.8598443644203,1195.6714618438918,0.0902411433371682,0,0,1
185.0308384730789,8559.10279651265,91.86919192669562,328.51522118553186,1092.3436737598358,0.3798254431745851,0,0,1
185.13085514252376,8568.35838145053,94.3407384638714,316.9752284286734,1126.7329367906927,0.4001330970075022,0,0,1
185.23087181196863,8577.61896805549,91.42179907422783,320.324217366584,1248.988295611464,-1.565624557947431,1,1,-1
185.3308884814136,8586.884556327539,93.5845984143168,321.2396953181827,1101.3625327993066,-0.2113770423674105,0,0,1
185.43090515085848,8596.155146266668,93.7160348934722,313.53994365266965,1126.7066348832936,-0.5939600760953457,0,0,1
185.5309218203034,8605.430737872883,92.09484070107506,314.2776148099844,1146.19864287654,0.3049954644442254,0,0,1
185.6309384897483,8614.71133114618,94.20793454493848,312.53298199193426,1083.000175487592,-0.0296177518845717,0,0,1
185.7309551591932,8623.996926086558,92.61543106499764,314.14324184643044,1110.861640526169,0.1149248037686406,0,0,1
185.83097182863813,8633.287522694025,93.20417954359893,304.3329466362779,1136.2789500534382,-0.9292716826150504,0,1,-1
185.93098849808305,8642.583120968571,93.22581608781272,321.31601085377645,1132.0768960306048,-0.0448354524095887,0,0,1
186.03100516752792,8651.8837209102,92.8811938422934,328.8740697230332,1192.8568270012229,0.6660333455894736,0,1,-1
186.13102183697285,8661.189322518916,93.8763191916462,319.3522058788799,1205.0092250358605,0.8179343892153629,0,0,1
186.23103850641772,8670.499925794713,93.90900797376108,311.54175955393873,1084.2299831490827,0.4728000604508937,0,0,1
186.33105517586264,8679.815530737593,91.41699561469314,315.4192236030865,1131.696235704821,-0.5659321371861136,0,0,1
186.4310718453076,8689.136137347557,94.51987616553194,316.3487229594058,1158.9445291303414,0.7460701065189707,0,0,1
186.53108851475247,8698.461745624605,91.60305226934057,313.5651849654083,1200.1495113504209,0.464628981662308,0,0,1
186.63110518419737,8707.792355568736,94.34809879644034,322.9640237103955,1159.357397090199,0.0569240743986123,0,0,1
186.7311218536423,8717.127967179951,94.49226606364871,322.7244124072409,1137.0800157046492,-0.8962860321520102,0,0,1
186.8311385230872,8726.468580458248,92.3246028313284,312.90585488322046,1154.963654286408,0.582688438614262,0,0,1
186.9311551925321,8735.81419540363,93.05476330831146,322.3185207414907,1154.4278695530916,-0.1868003711496892,0,0,1
187.031171861977,8745.164812016095,92.40988126250257,326.337180504084,1073.457330883485,0.2793653236690802,0,0,1
187.1311885314219,8754.520430295643,93.35067323542222,328.22590987929,1128.587319722989,0.1448804920142658,0,0,1
187.2312052008668,8763.881050242273,93.30756831624768,333.0491806355165,1191.010480772212,0.8796760568827546,0,1,-1
187.3312218703117,8773.24667185599,94.4452714674252,314.2231589398152,1106.7903593853507,0.0533156278186223,0,0,1
187.43123853975663,8782.617295136788,95.02592801599792,332.86422598595163,1122.737011924368,0.1113494121404339,0,1,-1
187.53125520920156,8791.99292008467,95.16131141539071,316.98209357837624,1103.2460539452686,0.9089005637828624,0,0,1
187.6312718786465,8801.373546699637,93.25346791274492,315.8007999109621,998.7868123418446,-0.2188893875833053,0,0,1
187.73128854809136,8810.759174981684,93.65642240030115,320.4084907291984,1114.617920189458,0.5193083994157855,0,0,1
187.83130521753623,8820.149804930816,92.23221441654718,315.87282385128856,1127.7873450001491,0.0061604054364089,0,0,1
187.9313218869812,8829.545436547032,93.1597908769944,320.78835289193074,1086.1831284272744,-0.3914927538427356,0,0,1
188.03133855642608,8838.946069830332,94.98052091131048,312.2027479169561,1053.1867118251705,0.119257150812833,0,0,1
188.13135522587095,8848.351704780713,95.68126043648373,317.61937251226993,1065.999708803383,0.4681141065331379,0,0,1
188.2313718953159,8857.76234139818,92.88133707577803,325.25104836133994,1348.739158433148,0.785323809723558,1,0,1
188.3313885647608,8867.177979682729,93.57323002322752,318.54783239932027,1206.881346890907,0.8490941558948442,0,0,1
188.4314052342057,8876.59861963436,94.18929686014393,319.55111945712,1087.484011577649,-0.0326450839884008,1,0,1
188.53142190365065,8886.024261253078,94.54587211064492,321.22943521395166,1039.2657225227604,-0.3771262191202676,0,0,1
188.63143857309552,8895.454904538878,93.50611576662612,324.7164520038978,1148.3294084161232,-0.0479439409349957,0,0,1
188.7314552425404,8904.89054949176,94.7897886657343,310.5970219633069,1071.5556520411285,-0.4730488194695692,0,0,1
188.83147191198532,8914.331196111727,93.94189660892177,321.8057674503857,1074.7168529017408,0.0048351157805569,0,0,1
188.93148858143024,8923.776844398777,94.45129201983684,317.55245316193424,1079.848568011115,-0.054803692709682,0,0,1
189.03150525087517,8933.227494352908,95.06203687344129,319.73634000164674,1137.368543406645,0.4828341230041046,0,0,1
189.13152192032007,8942.683145974128,94.57218322997096,324.21290304084386,1149.1464182974478,-0.9863383103404676,0,1,-1
189.23153858976497,8952.143799262427,94.17938340435592,312.95222060191725,1095.4014544647448,-0.2521156649221289,0,0,1
189.33155525920984,8961.609454217809,94.5561678256791,313.86993331870553,1095.369433960824,-0.2462095549758503,0,0,1
189.4315719286548,8971.080110840277,94.62742300512204,309.2660073942965,1121.7568250208467,0.7104681000509431,0,1,-1
189.5315885980997,8980.555769129827,94.39578326916772,316.20736415099105,1126.064734985482,-0.4411680049706189,0,0,1
189.6316052675446,8990.036429086462,94.5570065711052,325.6153222486485,1155.5983662372785,0.2298824489761266,0,0,1
189.7316219369895,8999.52209071018,96.46445813899948,318.3702262513316,1031.691257191783,0.0623128907576876,0,0,1
189.8316386064344,9009.01275400098,95.47673875115844,312.2825393823695,1096.034699641533,0.6427270963209252,0,0,1
189.9316552758793,9018.508418958863,94.67034731991048,316.5647718047127,958.8123884184428,0.4150346291457936,1,0,1
190.03167194532423,9028.009085583832,95.71279037717284,311.5638586770793,1090.7352746707338,0.1830468645396116,0,0,1
190.13168861476916,9037.514753875885,94.73202481762856,313.3872383528211,1081.0992024073712,-0.1599063395465441,0,0,1
190.23170528421403,9047.025423835015,96.28897727969364,320.96726507974,1089.1967716380211,-0.8007263822057484,0,0,1
190.33172195365896,9056.541095461236,95.53550316902758,313.1638055638357,1050.6740762842487,0.2450511972154291,0,0,1
190.43173862310385,9066.061768754536,95.1085671675477,324.6063453883269,1015.4244056419744,0.3845698493924769,0,0,1
190.53175529254875,9075.58744371492,95.71359457208466,318.6975740751032,984.1953912766476,-0.6650046362864778,0,0,1
190.63177196199368,9085.11812034239,93.74500982892836,319.491150715922,1081.4873293486469,-0.5042730288871268,0,0,1
190.73178863143855,9094.65379863694,94.23912684680948,317.6813140251044,1065.6260478016052,0.241146720579222,0,0,1
190.83180530088347,9104.194478598574,94.22197764404268,322.94741972280696,1052.5096819091564,0.2844682844288244,0,0,1
190.9318219703284,9113.740160227297,95.60885407992792,323.0089816359179,1151.565145815068,-0.3734367508453671,0,0,1
191.0318386397733,9123.290843523097,97.24843431937174,320.7784556235382,1041.597665769655,-0.1564180366851138,0,0,1
191.13185530921825,9132.846528485985,97.79722780080176,321.9371310604601,1154.543826008293,-0.7845925513783985,0,0,1
191.23187197866312,9142.40721511595,96.25398709077233,318.06273884826413,934.5933168592488,0.8138916407073702,1,0,1
191.331888648108,9151.972903413,96.16678879899848,321.84420389935605,984.4242729927668,-0.5251379863876476,0,0,1
191.43190531755292,9161.54359337714,93.91489492462374,317.45380165438627,1085.722995811756,0.3845266474270936,0,0,1
191.53192198699784,9171.119285008355,95.2232871937649,319.1643503095118,1060.2544169868202,0.1024279862682671,0,0,1
191.63193865644277,9180.69997830666,95.02818557631312,317.78997511881283,933.7850545432289,0.7637144396700725,0,0,1
191.73195532588767,9190.285673272048,95.24513006469272,316.8871028359928,1006.279890406666,-0.2761073597016018,0,0,1
191.83197199533257,9199.876369904514,95.74784217908147,315.7376382109243,1116.3961501743322,0.1532332782968581,0,0,1
191.93198866477744,9209.472068204066,95.4939037546916,321.5316493857722,1177.7473891388668,-0.7279193176886151,0,0,1
192.0320053342224,9219.072768170705,94.0367028567354,325.7562300974896,1121.0601046964227,-0.855273292851124,0,1,-1
192.1320220036673,9228.678469804425,96.81392125795118,325.0687120587145,1091.247281067658,0.4264179714096475,0,0,1
192.23203867311216,9238.289173105224,95.04327631081628,312.94037718758403,1073.1391865124654,-0.7735189104139083,0,0,1
192.3320553425571,9247.904878073114,96.40527453538972,325.6792207912901,1157.4797871994094,0.0119532651933621,0,0,1
192.432072012002,9257.525584708084,98.29011867575096,317.6524146931106,1179.900124608795,0.642078751272677,0,0,1
192.5320886814469,9267.151293010134,95.34665974913705,322.2568739438726,1042.2882401999298,0.4938808587233279,0,0,1
192.63210535089183,9276.782002979273,93.78576515269958,314.7321338748531,970.773941897998,-0.219521743889333,0,0,1
192.73212202033676,9286.417714615493,96.08005678828826,319.9831117714037,965.007478010744,-0.669908928845827,0,0,1
192.83213868978163,9296.058427918795,97.5170289798894,320.85182978346273,1135.1551670182132,0.3868409856160317,0,0,1
192.93215535922656,9305.704142889184,98.42442513383388,311.8701915763244,1065.8531410346975,0.8083251704641665,0,0,1
193.03217202867145,9315.354859526651,95.2865364198833,322.3445530345881,1076.513798139408,-0.2108880260728891,0,0,1
193.13218869811635,9325.010577831205,97.0627935722947,326.0428939090032,976.9654708445762,-0.2720562296909942,0,0,1
193.23220536756128,9334.671297802844,96.15079222700058,318.449980808348,1027.9855755152744,-0.1377360811475,0,0,1
193.33222203700615,9344.337019441564,96.56016266419896,326.1340628578407,1050.0186633621888,0.4126923581677736,0,0,1
193.43223870645107,9354.007742747368,99.36046270024258,318.39475640338304,1074.3329878225409,0.7568946245416115,0,0,1
193.532255375896,9363.683467720257,95.26315735955284,323.6011481928227,1043.1605124551104,-0.4996917516313683,0,0,1
193.6322720453409,9373.364194360229,97.06987568416504,308.2703773747786,1010.3735308367508,-0.6195021402564822,0,0,1
193.7322887147858,9383.04992266728,97.33383752915832,331.4671177680459,1022.1618975329136,1.301081286535644,0,1,-1
193.83230538423072,9392.74065264142,98.00193901705472,326.86052176463784,1120.957497387904,0.0461388302460318,0,0,1
193.9323220536756,9402.43638428264,97.0641441803087,317.9701046840992,1071.932328971015,0.2560539511974369,0,0,1
194.0323387231205,9412.137117590944,97.32421990106435,309.54278873909294,1089.4533816686585,-0.214935160427963,0,0,1
194.13235539256544,9421.842852566331,96.67452912886093,320.853377380784,1013.0549719941812,0.3724819923360651,0,0,1
194.23237206201037,9431.553589208805,97.38531297225028,312.2036094708323,909.4612868301266,0.611396819234741,0,0,1
194.33238873145524,9441.269327518356,96.8230020902302,321.657506560933,1030.1517211212365,0.2781982771692596,0,0,1
194.43240540090017,9450.990067495,97.83777459030614,321.50106913591145,1012.133560371367,1.0043076958560575,0,0,1
194.53242207034504,9460.71580913872,96.8966006991289,314.7462263620244,1072.068528872221,-0.0346742816129937,0,0,1
194.63243873979,9470.446552449524,97.69331976379716,325.06807899205086,1218.060603653627,0.0016309366211251,0,0,1
194.7324554092349,9480.182297427413,97.33696489093246,323.5011190549544,1087.6898960196904,0.2468034954421452,0,0,1
194.83247207867976,9489.923044072384,98.54228629011206,324.3623638943108,1188.8874543781333,0.3703525985432941,0,0,1
194.93248874812468,9499.668792384438,97.41485065047384,319.537537393157,1079.6864560078964,0.2455027863856612,0,0,1
195.0325054175696,9509.41954236358,95.74322024057793,312.4256302071885,1018.9128572173128,-0.5196245921333542,0,0,1
195.1325220870145,9519.1752940098,98.82818254422124,324.40261356975714,1066.9628433417845,0.295778444823894,0,0,1
195.2325387564594,9528.936047323106,96.71053707736708,318.171396879967,1137.759511696322,-0.0593924845786869,0,0,1
195.33255542590436,9538.701802303496,97.01251137430334,312.5843548266271,1139.3669252346674,-0.1611618332013598,0,0,1
195.43257209534923,9548.472558950967,97.12062475363112,326.3034540394066,1018.2838115850911,0.146156426426741,0,0,1
195.53258876479413,9558.248317265525,99.14073247556787,330.0502964789919,1058.872419676747,-0.3394184956471523,0,0,1
195.63260543423905,9568.029077247164,95.68062850314084,319.3570198985279,973.9131156125156,-0.4454373862017651,0,0,1
195.73262210368395,9577.814838895889,101.00405958550196,330.36886798338486,1085.773784798975,-1.155104477439038,0,1,-1
195.83263877312885,9587.605602211692,98.97237619563047,320.03983752036964,1121.3726512142814,1.0139775953833348,0,0,1
195.93265544257375,9597.401367194583,98.18956663541604,317.69098602342564,1044.8601198582653,0.4137257691452148,0,0,1
196.03267211201867,9607.202133844556,97.96144205539304,316.4509749402745,1008.6668429849004,0.0761903265221171,0,0,1
196.1326887814636,9617.007902161611,98.35189846558944,327.79868091811005,1059.2091589426889,-0.196828804800469,0,0,1
196.2327054509085,9626.818672145751,98.6374751538336,315.722551138152,1061.2427952147584,-1.2995971543384568,0,1,-1
196.3327221203534,9636.634443796976,98.81157664612677,323.3096187619103,1043.594933565607,-0.2248398179306854,0,0,1
196.4327387897983,9646.45521711528,98.7719738609026,316.8474547036837,1047.642062042464,0.4971284936904965,0,0,1
196.5327554592432,9656.280992100674,98.35595841087684,317.3517417330525,1029.1847921484548,0.6078931105624096,0,0,1
196.6327721286881,9666.111768753146,98.11904764403673,324.81452568271663,1086.8431743913472,0.4566069248269418,0,0,1
196.73278879813304,9675.947547072705,98.215121115413,317.77309464836657,1073.027357476788,0.2152009885815566,0,0,1
196.83280546757797,9685.788327059345,98.22149445343628,317.6593036496563,986.2320484992092,0.7879782427697694,0,0,1
196.93282213702284,9695.634108713068,99.60018116537849,325.3573056995764,984.0295592051576,-0.0202107468453563,0,0,1
197.03283880646777,9705.484892033875,99.10997612551476,327.6902703467549,1021.012914357043,0.6837571217578656,0,0,1
197.13285547591263,9715.340677021768,95.62603910329206,322.93673456401245,1069.74669906778,-0.0703154874421135,0,0,1
197.2328721453576,9725.20146367674,99.27233684920854,316.449438336416,1039.4815824907553,-0.2984546001080338,0,0,1
197.3328888148025,9735.0672519988,98.86118060212002,317.1802463849924,999.0957209744172,-0.3631442164992622,0,0,1
197.43290548424736,9744.93804198794,98.6977439856778,320.1428668671249,1043.504361223343,-0.3934818033675384,0,0,1
197.53292215369228,9754.813833644164,98.37794262375724,321.35794252499755,1013.06375501155,0.4664653596378926,0,0,1
197.6329388231372,9764.694626967474,99.94058213155462,314.8239643316149,1072.8051127659614,-0.2252749295408192,0,0,1
197.7329554925821,9774.580421957864,99.8140042084139,323.3884852471575,1044.6108789144669,-0.3711779837170531,0,0,1
197.832972162027,9784.471218615336,98.1436084131899,320.21086386440066,1011.3718733073476,0.4924674537763996,0,0,1
197.93298883147196,9794.367016939896,99.3735467028605,311.21475728995654,1037.8902043872306,0.3066983236875603,0,0,1
198.03300550091683,9804.26781693154,98.04484601591712,315.158668137788,1091.2458089262375,0.6163379695212293,0,0,1
198.13302217036173,9814.173618590265,97.68689292039193,317.2926588487778,996.1916988224702,0.389336144291351,0,0,1
198.23303883980665,9824.084421916074,98.48980219531336,319.4590154397754,1043.9865044414448,-0.2389849413205294,0,0,1
198.33305550925155,9834.000226908964,100.02892122700854,329.2796995284451,1019.511746529936,0.1846824648254507,0,0,1
198.43307217869645,9843.92103356894,100.16966113472432,321.0341637485678,1043.5657109010754,0.2100509707790515,0,0,1
198.53308884814135,9853.846841896,99.779629844168,315.64944943532106,988.6706972196577,-0.3144490830688168,0,0,1
198.63310551758627,9863.77765189014,100.04164854564114,320.96646457329445,1026.0987874621992,-0.4056042454376006,0,0,1
198.7331221870312,9873.713463551365,99.88273938063054,318.1128734814337,1075.1569048201602,-0.1946113153730776,0,0,1
198.8331388564761,9883.654276879675,98.77508783301508,321.5071050833153,972.0997693998175,1.1575045213239796,0,0,1
198.933155525921,9893.600091875069,99.89850030763444,322.79615398777014,951.6648934042132,-0.060527705343993,0,0,1
199.0331721953659,9903.550908537543,100.31699562291062,325.94947045565624,952.7480522782494,0.7648155825022922,0,0,1
199.1331888648108,9913.506726867105,100.32088576221898,319.7918864081309,957.9740372271672,-0.0859243025160927,0,0,1
199.2332055342557,9923.467546863743,100.8055161386025,328.1181231914248,1045.460312147918,0.5958114344537537,0,0,1
199.3332222037006,9933.43336852747,100.37491494905136,324.47343553305103,944.5887977371444,0.5999821863398843,0,0,1
199.43323887314557,9943.404191858284,100.06806764411436,316.4061261632536,999.1752988113112,0.6231634090562834,0,0,1
199.53325554259044,9953.380016856174,100.83677800961163,331.00260388300137,1044.1734644533592,0.345500055553588,0,0,1
199.6332722120353,9963.36084352115,99.7901148467686,321.598299787554,1033.2815342565998,0.8338764028813508,0,0,1
199.73328888148023,9973.346671853213,98.9847697895124,315.79770636828687,992.3608623555616,0.3296081480327783,0,0,1
199.8333055509252,9983.337501852357,99.75358581151882,328.2478958112446,1020.3758757307012,1.001739052744301,0,1,-1
199.9333222203701,9993.33333351858,99.22175846537858,330.3822201480292,1015.3784805658177,-0.6681414312682863,0,1,-1
200.03333888981496,10003.334166851891,99.34149116993312,319.8382075703837,998.0013378666594,0.3166669146782286,0,0,1
200.13335555925988,10013.340001852284,99.92215910891444,317.49508425404804,997.8644673884236,0.2876486201214672,0,0,1
200.2333722287048,10023.35083851976,99.32426619335244,319.1614624356022,1119.3710383312691,-0.325837784036265,0,0,1
200.3333888981497,10033.366676854324,99.8587329194358,323.60699752740345,1047.259320141084,0.435397224825042,0,0,1
200.4334055675946,10043.387516855966,98.32308811684352,326.43262383191205,1130.0210737341108,-0.6084226718549604,0,0,1
200.5334222370395,10053.413358524693,100.48000482589268,322.9057788780218,980.3357681738204,-0.1777113556902257,0,0,1
200.63343890648443,10063.444201860504,100.31792492860444,320.5719599330073,1000.1316354690184,-0.8511560426730013,0,0,1
200.73345557592933,10073.480046863398,99.54963915689648,327.56340440911504,936.9703605607076,0.9230703025998286,0,0,1
200.83347224537425,10083.520893533374,101.07598179111952,318.5191648592798,962.2956347344148,0.0373058268514301,0,0,1
200.93348891481915,10093.566741870438,101.40431459503614,325.24794558331644,1097.0676002757286,1.2385938649061343,0,1,-1
201.03350558426405,10103.61759187458,98.90919292776304,318.66303656667003,975.0688378301112,0.5414661410094935,0,0,1
201.13352225370892,10113.673443545807,99.80403634828826,322.26846701542536,1096.3338677718414,0.3693257282407819,0,0,1
201.23353892315387,10123.73429688412,99.84762711178963,319.55554106836314,937.4015806232168,-0.1475754825893155,0,0,1
201.3335555925988,10133.800151889514,99.72687469519052,319.8540946459958,946.0967727840732,-0.3783607369734293,0,0,1
201.43357226204367,10143.871008561991,101.54626097295358,318.2564246388933,980.9098336931942,0.4175404312107475,0,0,1
201.5335889314886,10153.946866901557,100.57296832697148,326.8776290490523,993.9857078317148,0.114195862664375,0,0,1
201.6336056009335,10164.0277269082,100.55228795915612,316.4987303695507,1042.5300161131568,-0.519809709726528,0,0,1
201.7336222703784,10174.113588581928,98.86294877078244,316.4722009642943,1018.1172578180044,-0.6187066716191629,0,0,1
201.8336389398233,10184.20445192274,101.55223750012088,330.7883317232079,973.9666969423992,-0.3232591112922101,0,0,1
201.9336556092682,10194.300316930636,99.72756940978064,325.0826033841985,987.3210292076868,1.055302050542256,0,0,1
202.0336722787131,10204.401183605612,101.07676876962287,308.27779873440613,977.2386696320503,1.2597244692526623,0,1,-1
202.13368894815804,10214.507051947678,101.3442214120372,317.3870751987638,946.6647607974218,0.2572655581700161,0,0,1
202.2337056176029,10224.617921956822,102.47751140464013,311.16342387395,947.2055680222152,0.2365601386236683,0,0,1
202.33372228704783,10234.733793633051,99.85804074440482,315.47991876162854,1042.2048115505609,-0.022559232920703,0,0,1
202.4337389564928,10244.854666976364,98.19735732242556,304.55080056447906,898.609907039382,-0.3313384030888394,0,1,-1
202.5337556259377,10254.98054198676,101.45072735772251,319.56842767412405,1070.0942585877492,0.8430360784678259,0,0,1
202.63377229538256,10265.11141866424,103.11739732920216,314.5536681337317,971.2854160311108,1.1031367744516682,0,1,-1
202.73378896482748,10275.247297008802,102.60584083535318,320.57290518046494,949.0191333967748,-0.2837739834020507,0,0,1
202.8338056342724,10285.388177020446,101.62656223241082,312.15777426901457,1023.8425969597112,0.1151481518368431,0,0,1
202.9338223037173,10295.53405869918,100.9752749662266,320.7079414962319,1060.3261621382485,-0.0724831592483191,0,0,1
203.0338389731622,10305.68494204499,102.32404208321842,318.2288025067146,1041.1582868093956,-0.049038607880989,0,0,1
203.1338556426071,10315.840827057886,100.59338162159908,327.8231503902037,1009.5812297828414,0.7430328589799394,0,0,1
203.23387231205203,10326.001713737867,102.09329392538224,327.3801715399333,1038.0443946694193,-0.49640513301089,0,0,1
203.33388898149693,10336.16760208493,102.17241464991508,324.2601169132011,897.0895639733385,0.3933252812381459,0,0,1
203.43390565094185,10346.338492099076,102.77716273296978,318.7103216617881,956.0367676783465,0.5281909721668167,0,0,1
203.53392232038675,10356.514383780306,104.52662119910444,330.28029420834014,935.7842724454488,0.1049898617050231,0,0,1
203.63393898983165,10366.69527712862,102.2093854620946,312.5982175097841,1041.7898209702023,0.6068653807593696,0,0,1
203.73395565927652,10376.881172144016,101.35801420393078,313.3556024181093,960.5997201923192,0.2286842515392982,0,0,1
203.83397232872147,10387.072068826496,101.89141185216874,319.9644817334268,1021.260312970908,0.7668334176858581,0,0,1
203.9339889981664,10397.26796717606,100.19791859419406,331.66358944442226,1004.999823012056,-0.6134463623169765,0,1,-1
204.03400566761127,10407.468867192709,101.32228970271656,319.3917060324107,934.3092460964934,-0.0197554486612317,0,0,1
204.1340223370562,10417.67476887644,101.657728730415,319.4971760176592,947.2949251832588,0.1208601418428145,0,0,1
204.2340390065011,10427.885672227252,101.59293110531596,313.2138521200911,1040.5525882600557,-1.1797512483463302,0,1,-1
204.334055675946,10438.101577245148,102.31938271000672,325.1630534939465,936.3070640821044,-0.3819259513948979,0,0,1
204.4340723453909,10448.322483930133,101.39461624031324,325.2092885061859,980.5446940831732,-0.2517093003793035,0,0,1
204.5340890148358,10458.548392282197,103.38807517474238,324.39878490848315,934.3949900749284,0.6422818604133285,0,0,1
204.6341056842807,10468.779302301342,102.31725990705856,317.31730720419125,957.0458091251936,-0.1923851583389855,0,0,1
204.73412235372564,10479.015213987575,102.3577608557242,316.9398783935075,969.6573081156153,-0.2477375943202794,0,0,1
204.8341390231705,10489.256127340888,102.08917479507237,314.0178026502922,932.0446889076638,0.5682917675137678,0,0,1
204.93415569261543,10499.502042361286,102.62226853016668,320.9127780780662,922.38889759937,-0.6459110902446565,0,0,1
205.0341723620604,10509.752959048768,103.3421844456978,315.1013805898135,983.9487642837644,-0.8677546725583131,0,0,1
205.1341890315053,10520.008877403334,101.69996430004171,314.6263363769041,926.6226999250648,-0.0237589120325429,0,0,1
205.23420570095016,10530.26979742498,101.95898636139982,318.40496698554165,927.551785776321,-0.565148398106058,0,0,1
205.33422237039508,10540.535719113714,102.36338515642088,318.0876413611185,879.2931620562314,-0.5435008651826423,1,0,1
205.43423903984,10550.806642469528,101.37124859644678,317.8535312598742,962.641306484624,0.4416590769621551,0,0,1
205.53425570928488,10561.082567492424,101.94786999492094,322.88564855512976,1012.9487415734652,0.5966200234896417,0,0,1
205.6342723787298,10571.36349418241,102.34091531582024,320.95866624862435,1040.317661016226,0.5556235810097244,0,0,1
205.7342890481747,10581.649422539474,103.74153370480008,319.1326487522619,927.9235120483988,0.7249828822627926,0,0,1
205.8343057176196,10591.940352563624,103.17971418781173,321.49849521331936,1070.9637604683346,0.7873356131544574,0,0,1
205.93432238706453,10602.236284254855,103.1607511048998,315.6357970331833,912.4423990326018,-0.8976545147650744,0,0,1
206.03433905650945,10612.537217613171,103.86806749042267,321.12982702519935,1016.085105819649,0.3966724292268841,0,0,1
206.13435572595432,10622.843152638568,102.92980607457775,321.3664480368186,925.0535103640034,-0.0997140647259357,0,0,1
206.23437239539925,10633.154089331054,103.50765104762851,313.10820294275254,916.8234383164552,-0.2047192900007409,0,0,1
206.33438906484412,10643.47002769062,103.06397277948956,325.6119076783362,922.3636775574246,0.4461966454246333,0,0,1
206.43440573428904,10653.790967717268,103.48256521654416,316.23627204729394,956.2115983506256,-0.6963259457307682,0,0,1
206.534422403734,10664.116909411005,102.6844525442554,321.1049912364056,987.0657036795842,-0.7120981516289686,0,0,1
206.63443907317887,10674.447852771817,100.878402378313,326.4855026099943,990.7942221853796,0.4686318704084622,0,0,1
206.73445574262377,10684.783797799715,103.23294870912558,325.3018293628317,909.3359075618116,0.4110208536513358,0,0,1
206.8344724120687,10695.124744494702,104.83998434213429,320.85511418405105,906.2871443793558,0.2466565215429902,0,0,1
206.9344890815136,10705.470692856768,104.3934599429984,318.88095389374104,909.1737364093062,-0.2648295066145707,0,0,1
207.0345057509585,10715.821642885916,104.4826503600704,325.4410101179737,948.67412468822,0.547669978606419,0,0,1
207.1345224204034,10726.177594582152,104.80339193200793,324.0869271310834,942.9708492463994,0.5181806292406592,0,0,1
207.2345390898483,10736.538547945467,103.7059271358856,317.63162880876416,905.2072514307162,0.2130021358525464,0,0,1
207.3345557592932,10746.904502975864,103.8645935870522,316.7589873409209,965.434214257216,-0.4172180590084407,0,0,1
207.4345724287381,10757.275459673352,103.09963431893472,310.3816813343938,1064.3210844444134,-0.0463951140124289,0,0,1
207.53458909818303,10767.651418037918,103.45122169306448,321.52361811823624,925.19609437578,0.5875251343876025,0,0,1
207.634605767628,10778.03237806957,104.43307403358511,320.3499718516708,927.9961083264878,0.8390014844943674,0,0,1
207.7346224370729,10788.418339768305,105.07119565570524,326.45441911692,976.8952178145776,0.0166785957621054,0,0,1
207.83463910651776,10798.80930313412,103.77787327757788,322.5787393780536,736.5008408046178,0.0460080855954816,1,0,1
207.93465577596268,10809.205268167025,103.51713862312992,327.46461154845974,980.8430652406262,0.0882130048578315,0,0,1
208.0346724454076,10819.606234867006,104.01786418156038,317.3166461049599,910.7099667890336,0.309950020359384,0,0,1
208.13468911485248,10830.012203234071,104.66855130635535,326.50422056632334,1037.4859495298967,-0.1134634852074501,0,0,1
208.2347057842974,10840.423173268226,102.67349807601516,318.17888868290646,962.3621903687432,-1.2837090058742544,0,1,-1
208.3347224537423,10850.83914496946,101.87118027373393,324.7214525543356,913.3663719541016,0.7545224609194794,0,0,1
208.4347391231872,10861.260118337776,103.66683271210202,313.5496819496652,914.177616700042,1.067426053267713,0,1,-1
208.53475579263213,10871.68609337318,103.0466654704019,322.02915207609414,917.167500416868,-0.1403268407555568,0,0,1
208.63477246207705,10882.117070075665,103.8092460333912,310.9400375389782,1010.7408613734956,-0.362266019987388,0,1,-1
208.73478913152192,10892.55304844523,104.2196142469435,319.5377914834434,877.9123208369963,0.1053583892253035,0,0,1
208.83480580096685,10902.994028481884,103.9641544914604,323.08525054948626,907.1998835149147,0.0783791243694438,0,0,1
208.93482247041172,10913.44001018562,105.9198787696766,318.28863949088566,911.7616371952504,0.6838993053142847,0,0,1
209.03483913985664,10923.890993556435,104.84416433453065,315.6512957702058,938.3085664084746,0.2056397505281153,0,0,1
209.1348558093016,10934.34697859434,104.86790226426162,325.14407792740985,924.7863810387008,-0.2178218679479249,0,0,1
209.23487247874647,10944.807965299324,105.23964338341663,320.40617329864,863.0299757652923,-0.4780426656779459,0,0,1
209.33488914819137,10955.273953671393,103.52861145631492,318.4856356796658,916.8503350773938,0.6019529489662669,0,0,1
209.4349058176363,10965.744943710546,105.7565646962384,321.152970187535,931.114636798752,0.4846900873127743,0,0,1
209.5349224870812,10976.22093541678,104.69169695700514,334.13683795843605,903.9385802036156,0.7075144098392725,0,1,-1
209.6349391565261,10986.701928790098,105.48795019550424,326.7310081645604,968.934146229036,-0.3011274136657383,0,0,1
209.734955825971,10997.187923830505,103.79562067994536,326.78636392353627,979.8182913738834,1.0901852346414371,0,1,-1
209.8349724954159,11007.678920537988,103.3637274816919,323.1612288445034,1035.2681099428928,-0.7038337212242006,1,0,1
209.9349891648608,11018.174918912557,105.78538424045544,321.8259252793718,943.881738705474,0.5399472365414556,0,0,1
210.0350058343057,11028.675918954212,105.3939124432504,309.02308914177854,823.5561498066886,-0.7725103662926504,0,1,-1
210.13502250375063,11039.181920662946,104.1654596975178,317.6186005180594,909.8086978058282,-0.2216351598170813,0,0,1
210.23503917319556,11049.692924038764,104.24785650532309,318.6206318513072,980.360403693104,0.95461758598206,0,0,1
210.3350558426405,11060.20892908167,106.292962705735,311.6590452640264,908.2035681124038,0.6046010995190944,0,1,-1
210.43507251208536,11070.729935791654,104.02812436317537,315.2564283001314,891.7689866165316,-0.100535465102929,0,0,1
210.53508918153025,11081.255944168724,106.9102175440211,311.1493265635399,1041.7737844251526,-0.0658249373268234,0,0,1
210.6351058509752,11091.78695421288,104.41693219083972,320.87189140661064,1018.1010593680796,0.2256033285587467,0,0,1
210.73512252042008,11102.322965924115,106.00595318581844,325.16734210628607,949.7844007891612,0.443848562493824,0,0,1
210.83513918986495,11112.863979302434,105.0889511191835,326.61738651210817,982.6102341431538,0.8058643488120418,0,0,1
210.9351558593099,11123.40999434784,106.0707653607373,323.1674378963272,813.6275736983113,-0.0408572785710021,0,0,1
211.0351725287548,11133.961011060326,104.9734722622632,316.28653554688265,884.8070057408228,-0.6266474352450948,0,0,1
211.1351891981997,11144.517029439896,105.40480169302757,311.4531931272202,899.9475089650134,0.260844533921438,0,0,1
211.23520586764465,11155.078049486552,105.65852210921804,312.33917708975696,910.9078137338764,-0.0445015075538497,0,0,1
211.33522253708952,11165.644071200288,104.6654238127633,314.7886093674365,897.4716244113674,-0.4732688790684416,0,0,1
211.4352392065344,11176.215094581108,106.45844394868732,316.69922543047505,793.7301079239057,0.3389972051463957,0,0,1
211.53525587597932,11186.791119629012,105.25441437151808,320.35478309764,939.7958402595287,0.0747120687648824,0,0,1
211.63527254542424,11197.372146344,105.58903635737212,316.0927061639076,946.9410918755116,0.3369607726859582,0,0,1
211.73528921486917,11207.95817472607,104.87329523282604,322.86840838982823,999.1176900200232,-0.2686940215445438,0,0,1
211.83530588431407,11218.549204775229,103.35531928336172,320.022163074434,878.8722405515174,0.4113117343802323,0,0,1
211.93532255375897,11229.145236491464,105.77663351427933,321.24626081408104,874.0450871511244,-0.4734668443477453,0,0,1
212.03533922320383,11239.746269874784,108.43028503321484,326.9047866856764,782.8201494216519,-0.2083423935013804,0,0,1
212.1353558926488,11250.35230492519,106.8522822342224,315.31237691826306,901.407747530154,0.0716936001509854,0,0,1
212.2353725620937,11260.963341642677,106.09842590131244,323.3170601476712,960.4089805432392,1.0583748118313054,0,0,1
212.33538923153856,11271.579380027248,105.90480378656102,321.1636727807735,884.0328865324531,0.5784411432434815,0,0,1
212.4354059009835,11282.200420078903,106.2401688433038,319.5761091852499,1021.0619942740476,0.7271198683560383,0,0,1
212.5354225704284,11292.826461797642,106.8148304003894,325.67982386137265,900.329070346651,0.901403398806686,0,0,1
212.6354392398733,11303.457505183464,105.1369068046278,325.6586146967724,829.7996520601104,1.9818361754615004,1,1,-1
212.73545590931823,11314.09355023637,107.482049649328,316.54109161098967,843.5435290675672,0.2188054737655445,0,0,1
212.83547257876316,11324.734596956358,107.1331176048228,320.3727443385867,925.3305115918748,0.9055059356658524,0,0,1
212.93548924820803,11335.38064534343,107.18593034981195,322.6996073377412,811.2748990418365,0.7020305736787331,0,0,1
213.03550591765296,11346.031695397587,106.9562286976362,319.9385168516524,944.197763734922,0.6919621639271141,0,0,1
213.13552258709785,11356.687747118824,106.58737795124291,324.23865892014874,945.006834278172,1.078256424440431,0,0,1
213.2355392565428,11367.348800507149,107.2906308642382,322.72951401520567,976.0231379819896,-0.0131336400471612,0,0,1
213.33555592598768,11378.014855562556,107.25959209673522,330.49636179437886,856.333853476824,-0.0530600366298153,0,0,1
213.43557259543255,11388.685912285042,106.36374558677528,313.69216157989433,914.6346988664322,0.3493328975111063,0,0,1
213.5355892648775,11399.361970674618,106.19419285954184,320.74137897775074,934.0723048789476,0.0968300005243248,0,0,1
213.6356059343224,11410.043030731273,106.91965926242318,316.8210480358713,927.2710227416784,0.3529162660016844,0,0,1
213.7356226037673,11420.72909245501,108.41683145337883,324.39409953757195,861.1680204775822,0.9867894525938736,0,0,1
213.83563927321225,11431.420155845835,105.6787125609522,313.29770447709353,784.1105121958142,-0.0547112564695567,0,0,1
213.93565594265712,11442.11622090374,105.50030270557612,323.1251291453902,920.3348225241608,0.0307166140158527,0,0,1
214.035672612102,11452.81728762873,107.18259714728752,318.2533251044685,894.6396028750293,0.2828427100029702,0,0,1
214.13568928154692,11463.523356020803,107.11873234262949,317.7427595975496,873.2094138949391,0.0810353969087745,0,0,1
214.23570595099184,11474.23442607996,107.29119463986632,314.1910795773958,939.0191456611624,-0.7604756697354929,0,1,-1
214.33572262043677,11484.9504978062,107.41181450812688,319.10819253103864,897.8554112183012,-0.0925999801540103,0,0,1
214.43573928988167,11495.671571199526,106.99466739030603,326.8660765804428,833.4217223952553,0.5379272905607522,0,0,1
214.53575595932656,11506.397646259931,108.75774141826535,321.3276321782852,802.0895232825476,0.9269460987613636,0,0,1
214.63577262877143,11517.12872298742,105.71698233590922,324.60197935224954,1088.2444384266928,-0.392666010308293,1,0,1
214.7357892982164,11527.864801381997,106.53939762432796,329.79678803965305,1016.8758034296472,-0.3888674813013498,0,1,-1
214.8358059676613,11538.605881443653,107.3146482236816,322.802358520879,932.6464147182292,0.2118259654289123,0,0,1
214.93582263710616,11549.351963172392,105.82472250739892,318.6995844033989,905.2211544068056,-0.8523607437160216,0,0,1
215.0358393065511,11560.103046568218,107.34206524884348,323.8398450065691,885.9910257323529,-0.0255633118551554,0,0,1
215.135855975996,11570.859131631123,109.22939815372602,318.7921048660282,881.9885329162937,-0.6559816516711617,0,0,1
215.2358726454409,11581.620218361117,107.6388228110164,319.0014738480582,973.3083236920036,0.8837673926859965,1,0,1
215.33588931488583,11592.386306758191,107.8986455631616,313.93412493339366,868.3983257449103,-0.1833832005220185,0,0,1
215.43590598433076,11603.157396822347,106.4577882269928,326.174878053855,921.0599575631428,1.0165748985725904,0,0,1
215.53592265377563,11613.933488553588,107.15159991884832,319.6235793871304,874.0789349105318,0.7522086681021471,0,0,1
215.63593932322053,11624.714581951914,107.44277328128634,322.4740851614014,987.7951301635248,-0.1254538106953822,0,0,1
215.73595599266545,11635.50067701732,107.5502628995765,316.39378595623333,927.1892603913312,-0.3374363059286688,0,0,1
215.83597266211035,11646.291773749812,109.19963012605896,323.7633354147884,951.6407820250964,0.1150206896440066,0,0,1
215.93598933155528,11657.087872149388,108.52568572650276,317.78389274248013,859.4311282170931,0.1539689186182371,0,0,1
216.03600600100015,11667.888972216046,106.90654504356306,320.89505699159093,940.847667167158,0.3666389573590997,0,0,1
216.13602267044507,11678.695073949786,108.31451611365452,326.0027324232401,871.6018033279906,-0.1836781959073943,0,0,1
216.23603933989,11689.506177350611,108.6162414184418,325.5774004951516,892.0227968702909,0.580221787052737,0,0,1
216.3360560093349,11700.32228241852,109.30817704318872,321.5234552383488,967.5643878432224,0.3453550930530706,0,0,1
216.4360726787798,11711.143389153513,109.79857702595828,312.8029521043444,832.9647672217634,0.0465882830330624,0,0,1
216.53608934822472,11721.96949755559,107.25295048228448,336.61766178512573,894.5579890273413,-0.1597892604762135,0,1,-1
216.6361060176696,11732.800607624747,107.50719549762448,330.39290545313264,905.5885139924286,0.1057646333524945,0,0,1
216.7361226871145,11743.63671936099,107.11048348464264,325.286986393153,908.981684460032,-0.2133195642417148,0,0,1
216.83613935655944,11754.477832764316,108.18404981917274,317.9175950277011,859.7360204154016,0.2327691463729045,0,0,1
216.93615602600437,11765.323947834724,108.9344363874485,321.1256547940906,985.8827946050156,0.2523336001300516,0,0,1
217.03617269544924,11776.175064572217,109.50542086431372,318.9865151206623,816.1179041848176,0.3451837787981503,0,0,1
217.13618936489416,11787.031182976794,108.49214365880457,328.03289863197136,953.1042407119468,1.0891428107716823,0,1,-1
217.23620603433903,11797.892303048451,108.29825549391468,323.03613505769306,1189.9975932144173,0.138240768592542,1,0,1
217.336222703784,11808.758424787196,108.81986934414071,317.81280297857927,795.552281969354,0.7109775615741458,1,0,1
217.4362393732289,11819.629548193025,107.88297678498442,319.389848441699,798.6384139693803,0.3159522121346494,0,0,1
217.53625604267376,11830.505673265932,110.85766674303169,327.3595663171169,833.9059185970028,0.1067337088955424,0,0,1
217.63627271211868,11841.386800005925,107.21047532894129,329.7641165053143,951.242931725927,0.1363229302663359,0,0,1
217.7362893815636,11852.272928413002,109.05288526967752,329.4152867555876,782.092668053079,0.1811720959242884,0,0,1
217.8363060510085,11863.164058487162,110.94175924473387,325.5687909303707,794.9210885408287,0.366473341804911,0,0,1
217.9363227204534,11874.060190228403,108.9749612047867,320.53050792803214,850.1286124085066,-0.2697143282071222,0,0,1
218.03633938989836,11884.961323636731,108.82813065994767,305.59606481234425,883.4442192212331,-0.5239242142765308,0,1,-1
218.13635605934323,11895.867458712142,108.7107326068612,323.29943572497547,952.756870965593,0.5349393164453036,0,0,1
218.23637272878813,11906.778595454634,108.93779468263166,321.81449347865833,863.1839680292134,0.6587036530560074,0,0,1
218.33638939823305,11917.694733864211,110.54104317379306,322.53354942143005,841.3375114175283,0.5959294128580912,0,0,1
218.43640606767795,11928.615873940871,107.00634112250948,322.1131273419338,886.6217288563104,0.2718162705183253,0,0,1
218.53642273712285,11939.542015684616,110.80164506985776,315.2223314639665,893.8353769462722,0.6089805456742647,0,0,1
218.63643940656775,11950.473159095443,107.89426255083374,324.6506867249127,891.7214219134341,0.5579622351055092,0,0,1
218.73645607601267,11961.409304173356,109.10157570877192,325.0347271777605,860.0645551983613,0.6048002408968197,0,0,1
218.8364727454576,11972.350450918351,108.98899195243014,325.29534118484406,770.5145510133575,-0.2197093765209066,0,0,1
218.9364894149025,11983.296599330428,110.05679797722196,326.6265339593572,821.6936042446602,-0.3295073921918581,0,0,1
219.0365060843474,11994.247749409587,107.92012869028994,324.9239088330429,937.8940603868384,0.007167683714496,0,0,1
219.13652275379232,12005.203901155835,110.0304340429781,319.8635052176847,875.5406104343182,0.2100527633245426,0,0,1
219.2365394232372,12016.16505456916,111.64257933490546,321.5694697027433,849.3682695368053,0.1118211580291859,0,0,1
219.3365560926821,12027.131209649571,108.30510404174824,322.3892799455351,920.7105689686416,-0.7338271582050437,0,0,1
219.43657276212704,12038.102366397068,109.90799254867392,322.4821545217458,807.6046296472175,1.078554770609266,0,0,1
219.53658943157197,12049.078524811646,109.10631253798935,326.94474722301584,852.1519275108512,0.074001540360284,0,0,1
219.63660610101684,12060.059684893307,110.24419025670146,325.1820043752141,869.6166801586857,0.3069162196933519,0,0,1
219.73662277046176,12071.045846642051,109.88745916264664,332.3603794748959,839.9698627692649,0.8398095689408336,0,1,-1
219.83663943990663,12082.037010057882,109.27683281090904,333.01600884341406,866.3874090018584,-0.9600545617018218,0,1,-1
219.9366561093516,12093.033175140792,110.45620033954684,322.3919135240048,851.2756526558336,-0.0334660418286033,0,0,1
220.0366727787965,12104.03434189079,111.822684499185,302.8203895355828,790.0048292140776,0.0408371869672228,0,1,-1
220.13668944824136,12115.040510307866,109.8774409323934,328.1978312754605,868.3580586393782,0.0492954956240411,0,0,1
220.23670611768628,12126.051680392027,110.83811100099132,319.3217889168334,792.1793080370903,0.1389422453570455,0,0,1
220.3367227871312,12137.067852143276,108.87508843569444,318.0262526695581,866.190936620135,0.9326965424437316,0,0,1
220.4367394565761,12148.089025561603,109.26193335147003,320.0514475707108,925.9308035709812,0.5490377548273409,0,0,1
220.536756126021,12159.115200647017,110.74078434089088,319.82046037852905,842.4872333041669,0.7038571208732739,0,0,1
220.63677279546596,12170.146377399513,111.80250242626892,325.1250263300736,797.2791658412889,0.2577746218978212,0,0,1
220.73678946491083,12181.182555819092,110.72400808124108,314.27650005086,848.8194087802412,-0.4749926017443032,0,0,1
220.83680613435573,12192.223735905754,110.10534503665473,316.6950768844776,812.8862686277581,-0.8204676039031696,0,0,1
220.93682280380065,12203.269917659502,110.46770280732368,323.80947505136714,883.5268458071046,-0.5422240349476111,0,0,1
221.03683947324555,12214.32110108033,109.26801200265304,325.2184040993911,845.7190765583473,0.3922414475453611,0,0,1
221.13685614269045,12225.377286168245,111.1729433977006,325.3213938389491,937.9243409546,0.2445015347996306,0,0,1
221.23687281213537,12236.43847292324,111.5007694683911,318.1885058865471,909.9038683332008,0.1264355735645903,0,0,1
221.33688948158027,12247.50466134532,110.21635440795706,317.2423607018268,843.4191188078177,0.0360379402258385,0,0,1
221.4369061510252,12258.575851434482,110.24841092775308,319.61051644616293,886.172897781545,1.2264608472505063,0,1,-1
221.5369228204701,12269.65204319073,111.0343396398871,323.35305604347064,830.0504687084066,-0.1840523160149456,0,0,1
221.636939489915,12280.73323661406,110.3817500089169,329.5910807953543,850.7305222056772,0.6856511700950034,0,0,1
221.7369561593599,12291.819431704473,110.80234546505412,311.9365096870822,830.2819004728882,0.226330790922739,0,0,1
221.8369728288048,12302.910628461972,113.01820820356892,321.08005349808866,885.9978837532411,0.2148802306390194,0,0,1
221.9369894982497,12314.00682688655,110.72146904837886,315.530306744699,918.6465177595528,0.8129906717103416,0,0,1
222.0370061676946,12325.108026978214,110.66016293182608,313.94248723000203,886.252074705863,0.9554058614162532,0,1,-1
222.13702283713957,12336.214228736962,110.4209696129346,327.048485510438,891.7395966580126,0.1023033768643057,0,0,1
222.23703950658444,12347.325432162794,111.86271172479216,324.9468268231551,891.1180820948189,0.6343571802895849,0,0,1
222.3370561760293,12358.441637255706,110.98730391479656,324.48087319733924,871.8533909478915,0.4089333386496797,0,0,1
222.43707284547423,12369.562844015703,110.5691633844157,326.84883648320243,786.651011994936,0.227072660606402,0,0,1
222.5370895149192,12380.689052442784,112.5898487897326,319.8551144676613,927.9891611444176,0.3435042435567076,0,0,1
222.6371061843641,12391.820262536949,112.73815609669566,320.1005230367688,932.4869313885328,-0.101258173821073,0,0,1
222.73712285380896,12402.956474298198,110.76813786116578,333.2023653689937,829.8987539982087,0.0720273024735908,0,0,1
222.83713952325388,12414.09768772653,109.55202981026632,321.05085868102753,822.3847213122971,-0.0755986393730986,0,0,1
222.9371561926988,12425.243902821943,112.47609178618632,325.96937618454035,870.8676209961287,0.6910191003955336,0,0,1
223.0371728621437,12436.395119584444,110.83395660531184,322.3356249910309,867.1156393242194,0.1780488144783492,0,0,1
223.1371895315886,12447.551338014024,112.35922036495708,313.0724263027668,828.8061908492589,-0.4095969761570854,0,1,-1
223.2372062010335,12458.712558110688,109.64849928280492,312.10057560109703,775.7312453066712,-0.1461928694280642,0,0,1
223.33722287047843,12469.878779874438,112.56120877353852,319.4388011873484,852.847158070396,-1.3585192629145617,0,1,-1
223.43723953992333,12481.050003305269,110.50744784068088,327.62423021234224,864.4640321070364,-0.0244243430192762,0,0,1
223.53725620936825,12492.226228403182,112.49939222375065,326.2951839041168,872.5139050551727,0.2593672191284223,0,0,1
223.63727287881315,12503.407455168184,111.832909507243,326.9341131090015,853.0186640870065,0.1664198169196967,0,0,1
223.73728954825805,12514.593683600266,110.91470535473238,317.43849806014424,821.3299808001651,1.2164304257835186,0,1,-1
223.83730621770292,12525.78491369943,111.5116167959247,330.4630930723818,883.9180874475934,0.5190669244607619,0,0,1
223.93732288714787,12536.98114546568,112.65497990053063,317.56926578778285,607.1199501275304,0.5072033158376092,1,0,1
224.0373395565928,12548.182378899011,112.12456423141164,323.4678559490091,809.6379310675695,-0.5845121813520808,0,0,1
224.13735622603767,12559.388613999428,112.65309109349133,322.3619741730651,823.1852608890435,0.059638926668136,0,0,1
224.2373728954826,12570.599850766928,114.09512703225678,321.55436818797534,744.2538593701923,0.0122502309403734,0,0,1
224.3373895649275,12581.81608920151,110.60445317075268,329.1266996479708,821.7751331585762,-0.1693817473985605,0,0,1
224.4374062343724,12593.037329303175,113.83591569215484,318.9181880226074,864.6444956799503,-0.1468534931885833,0,0,1
224.5374229038173,12604.263571071926,112.37306738943188,315.7057160118221,846.5477976315875,-0.6646747919916033,0,0,1
224.6374395732622,12615.494814507758,111.41993573830798,322.5637213883583,904.9283631066736,-0.407127304948931,0,0,1
224.73745624270717,12626.731059610676,111.03841449561456,320.4746119528381,815.0834473596193,0.6644818878347083,0,0,1
224.83747291215204,12637.972306380676,112.22961606529898,339.37066188662845,851.9354200612263,0.1666200148122316,0,1,-1
224.9374895815969,12649.218554817757,113.39039490272292,325.8762863403596,866.5448693932735,-0.004354668660058,0,0,1
225.03750625104183,12660.469804921926,112.3912040051434,320.45704774901105,943.3893390592892,0.2368469853602395,0,0,1
225.1375229204868,12671.726056693176,114.07991639049072,317.23319444611326,832.8239202418264,0.8391300119034992,0,0,1
225.23753958993169,12682.987310131508,111.16759410491429,313.1223119061492,772.7159723347789,0.2306748608167826,0,0,1
225.33755625937656,12694.253565236926,112.65668918184224,317.4076601972505,866.6619826660481,0.5121802340320204,0,0,1
225.43757292882148,12705.524822009424,111.46639301999762,323.1184661516778,916.8926542228752,-0.192090641710099,0,0,1
225.5375895982664,12716.80108044901,113.13242668175816,329.69040221780045,806.8201196230876,-0.0628963559973625,0,0,1
225.6376062677113,12728.082340555678,113.70569052395297,328.1722063387107,864.3434276367751,0.4288296372622385,0,0,1
225.7376229371562,12739.368602329429,112.44804967489704,323.7192364519475,883.0680754806144,1.1864003255779607,0,1,-1
225.8376396066011,12750.65986577026,110.3146059466734,320.9679256321477,871.8277979500139,0.9360534995773232,0,0,1
225.93765627604603,12761.95613087818,113.16777628481952,323.9378274096654,826.5958205064289,0.5381641757821101,0,0,1
226.03767294549093,12773.25739765318,113.45557502447896,320.0105773071262,784.7381052818622,0.3251800381290227,0,0,1
226.13768961493585,12784.563666095264,113.4731395624296,331.20558894031296,814.9422393600904,0.9501642188097188,0,0,1
226.23770628438075,12795.874936204433,114.35463533401251,321.6778197220627,841.2811873616727,0.6554390351884036,0,0,1
226.33772295382565,12807.191207980684,112.09780779726375,322.20208300414896,863.107762698798,-0.9099514033854016,0,0,1
226.43773962327052,12818.512481424015,113.89908591708571,311.5646618372237,833.7398842209446,-0.2732724856469077,0,1,-1
226.53775629271547,12829.838756534436,114.46138565883572,321.6766013966577,797.3937519024031,0.4282119387776846,0,0,1
226.6377729621604,12841.170033311935,111.54029889707368,326.84619798604075,843.5051741086505,-0.6616145366882962,0,0,1
226.73778963160527,12852.50631175652,113.68854664172162,317.3351660779678,858.0880080052907,-0.1971169112085752,0,0,1
226.8378063010502,12863.847591868192,112.91472331951742,318.930178957641,833.41234258342,-0.1055223377879102,0,0,1
226.9378229704951,12875.193873646942,113.3873888121459,326.6573373857178,771.9710905905202,0.1207351799384989,0,0,1
227.03783963994,12886.545157092776,113.86659630350832,315.3204978464037,804.059272129481,0.1096659548057583,0,0,1
227.1378563093849,12897.901442205695,113.0816995905789,328.0027906686481,859.8702608103333,0.1013833205293634,0,0,1
227.2378729788298,12909.262728985696,112.9432284102533,320.0630678470175,742.6784998369585,0.6573043450262053,0,0,1
227.3378896482747,12920.629017432782,113.7030972416254,320.79094786237147,706.5211771831672,0.1192045086733231,0,0,1
227.43790631771964,12932.000307546954,112.631707219997,317.124398606144,885.9354281668421,0.0494475667466254,0,0,1
227.5379229871645,12943.376599328203,112.68313636469708,324.64402360085586,835.4537746806582,-0.4323486256982277,0,0,1
227.63793965660943,12954.75789277654,114.49834311126122,335.0631538908079,839.5717568234661,0.7716764074619311,0,1,-1
227.7379563260544,12966.14418789196,112.72018412786852,326.6812818299086,754.7471708672763,-0.0931688216054856,0,0,1
227.83797299549929,12977.53548467446,114.58529899865884,318.4623709898472,844.8177032420266,-0.2831595608810703,0,0,1
227.93798966494413,12988.931783124048,114.43158612532604,328.4719018939518,821.057532222052,0.3653958613037711,0,0,1
228.03800633438908,13000.33308324072,112.29319643840394,321.2204029037677,727.4330335673042,-0.1448136960653486,0,0,1
228.138023003834,13011.73938502447,113.39144684958131,329.68622720752114,877.2184142172871,-0.0141198879295844,0,0,1
228.23803967327888,13023.150688475303,115.31312923968682,326.8571859781497,813.2937567431347,0.3968117483682896,0,0,1
228.3380563427238,13034.566993593227,113.18786264022222,308.11809780691374,784.9112549188573,0.0836973729139177,0,0,1
228.4380730121687,13045.988300378229,113.75463224377496,317.82340913644174,785.1723437738154,1.4081134218572768,0,1,-1
228.5380896816136,13057.414608830317,114.7311057340587,327.5757350823383,702.6676284292907,0.2243757080535198,0,0,1
228.63810635105847,13068.845918949488,115.10244368481186,323.62209699583093,832.4529606761623,0.574392008842195,0,0,1
228.73812302050345,13080.28223073574,114.1175226242072,317.75503256351107,815.2369120050201,-0.7150488787996311,0,0,1
228.83813968994832,13091.723544189075,113.82155965028252,319.71586639152576,791.7984795176062,-0.1773752989539559,0,0,1
228.93815635939325,13103.169859309495,115.89144804139514,313.3626325354924,864.7856941310199,-0.2700147012775905,0,1,-1
229.03817302883812,13114.621176097,116.25798617821664,322.4619508652518,731.0279431550578,-0.1999781432482716,0,0,1
229.13818969828304,13126.077494551586,115.54795289992332,333.96726759990713,769.7422429450389,0.4777174966416554,0,0,1
229.238206367728,13137.538814673258,114.704421326429,326.9484875904344,756.4409385863717,0.7793095122794551,0,0,1
229.33822303717287,13149.005136462012,113.86084579694553,333.88590730965944,784.3625983897604,0.4256411435274804,0,0,1
229.43823970661776,13160.476459917849,113.88867544675232,327.35580941961166,801.0373557790232,0.1402706577161766,0,0,1
229.5382563760627,13171.95278504077,115.2916422932971,328.09122235436973,818.5265485196584,-0.0480615610100156,0,0,1
229.6382730455076,13183.434111830777,115.23753474364248,332.83422074327586,779.0397277534238,0.8236233034106395,0,0,1
229.7382897149525,13194.92044028786,116.27074345042269,324.8601452682064,751.8836515890662,1.312971421633149,0,0,1
229.8383063843974,13206.411770412034,115.56960328473484,322.0476940309053,879.4153332242146,0.337695448856812,0,0,1
229.9383230538423,13217.908102203288,113.46608122516132,328.15711988849426,915.0610517572874,0.7192442006139556,0,0,1
230.03833972328724,13229.409435661628,116.07111747936654,330.2730351579381,801.0079408302721,0.4469697041711442,0,0,1
230.1383563927321,13240.915770787047,114.07111756905164,320.6140124257122,755.3696621827709,0.6331021457039123,0,0,1
230.23837306217703,13252.427107579551,114.73521525913615,319.4159918945176,866.3469682064152,-0.320442886245153,0,0,1
230.338389731622,13263.943446039142,115.41939507206268,323.7281191353166,719.6024948750426,0.0245824403571146,0,0,1
230.43840640106689,13275.464786165812,117.2148706903174,327.201334974765,774.5682795042308,0.4849921769928715,0,0,1
230.53842307051173,13286.991127959567,118.37913009126125,327.044297550359,755.8681953254899,0.906133186789881,0,0,1
230.63843973995668,13298.522471420409,115.92594292911453,315.94300597305767,732.0648787237502,-0.1352720448125329,0,0,1
230.7384564094016,13310.058816548328,115.1860315859804,332.6318759762568,775.4085587489274,-0.7503416892699502,0,1,-1
230.83847307884648,13321.600163343332,115.9537421879038,319.8780226609004,745.5697859757884,0.0249475458106072,0,0,1
230.9384897482914,13333.146511805424,116.35690030001952,321.76852399038626,788.7802376679011,0.7833017326598726,0,0,1
231.0385064177363,13344.697861934594,115.19858558331096,318.59057884183454,788.8760019526901,-0.5255143369384856,0,0,1
231.1385230871812,13356.254213730848,117.36447289950291,336.6054964884036,755.8206906806108,-0.2996048147015481,0,1,-1
231.23853975662607,13367.81556719419,115.84934063750448,324.33420732710243,767.7322460904542,0.3509711500841831,0,0,1
231.33855642607105,13379.381922324612,116.16702130212693,318.8789802391993,774.086605961269,0.2182865634308685,0,0,1
231.43857309551592,13390.953279122115,116.38521079981244,327.4634750593638,825.4930008189972,0.5757634674440453,0,0,1
231.53858976496085,13402.529637586707,116.19088149309488,326.9995378730463,776.9513736843696,-0.3378450085212663,0,0,1
231.63860643440572,13414.11099771838,116.65824371767248,322.22522552554113,824.9805789174587,0.1188882131028339,0,0,1
231.73862310385064,13425.697359517137,115.2520583653784,327.376895874302,812.4092909608439,0.8645616653811745,0,0,1
231.8386397732956,13437.288722982976,115.36101813270176,319.05740417317526,811.06882789617,-0.328385165964513,0,0,1
231.93865644274047,13448.885088115898,114.86917398839854,320.7292742695278,851.258743798521,1.0016104631324487,0,0,1
232.03867311218536,13460.486454915905,116.4588377867129,313.1527840383882,725.2715540854081,-0.2544128360902558,0,0,1
232.1386897816303,13472.092823382996,116.84828139432726,316.5941135570652,756.9570957098648,0.7080643758898371,0,0,1
232.2387064510752,13483.704193517167,116.57712609168948,332.2620246734609,868.1568437537163,0.0940498080353952,0,0,1
232.3387231205201,13495.320565318423,117.84385399360758,331.4410154506636,766.5022307840769,-0.2784294905746735,0,0,1
232.438739789965,13506.941938786766,116.21377387615344,323.57281722224127,637.9885223549392,0.0283052165684177,0,0,1
232.5387564594099,13518.56831392219,116.93811988529748,331.5685328818902,767.9734392923416,0.5567859102804921,0,0,1
232.6387731288548,13530.199690724694,115.22768568828808,322.463504879844,870.2891983248956,0.2632977740066484,1,0,1
232.7387897982997,13541.836069194287,115.98229519667548,322.05682746699046,646.0219938709121,0.833607134222249,0,0,1
232.83880646774463,13553.47744933096,117.11494099143808,323.56643388910226,842.9530746335446,1.0040643984565296,0,0,1
232.93882313718956,13565.123831134715,117.31851367933793,322.6692743371011,739.9498093122386,-0.3031518081488318,0,0,1
233.03883980663448,13576.77521460556,116.22545295565304,322.2279023628625,791.4432247034791,-0.3512591785234789,0,0,1
233.13885647607933,13588.431599743482,116.49782898618162,329.0308761833557,763.0961242905336,-0.372695164978246,0,0,1
233.23887314552425,13600.092986548489,115.10156282608132,324.07456558433347,709.3582589893691,-0.1841339359307275,0,0,1
233.3388898149692,13611.759375020582,116.31241570667798,326.8962978036659,719.6315469913053,0.8298824270265039,0,0,1
233.43890648441408,13623.430765159756,117.60983640572682,328.5007932748281,725.7844306606626,0.5716724917592174,0,0,1
233.53892315385897,13635.107156966013,117.34466659303604,325.2948212936596,826.2042812897479,0.0161293994270803,0,0,1
233.6389398233039,13646.788550439356,117.32013563303316,318.5125373527892,763.9263839680668,0.2828295666919335,0,0,1
233.7389564927488,13658.47494557978,116.91925193355536,316.60956620445467,744.5931188867158,0.9862748070304176,0,0,1
233.8389731621937,13670.166342387283,116.92654973972502,324.1278004902559,723.3395438297935,1.2382045372114936,0,0,1
233.93898983163865,13681.86274086188,116.30917377634586,322.5376174590392,829.2615882897554,0.4074337465012723,0,0,1
234.03900650108352,13693.564141003551,117.71833167074428,323.840857794709,842.0487212085994,-1.036976939139223,0,1,-1
234.1390231705284,13705.27054281231,117.4904845296536,323.3336321208099,827.4609251075523,0.4388501572073479,0,0,1
234.23903983997332,13716.981946288157,117.61153876797948,336.34177228483014,792.2311615468667,0.7588839425442468,0,1,-1
234.33905650941824,13728.69835143108,116.64349341204154,316.7827743727352,781.4868525334068,0.3935392287682987,0,0,1
234.43907317886317,13740.419758241089,115.06619366956032,313.4941759687807,705.5850064325059,0.6283689350976756,0,0,1
234.53908984830807,13752.14616671818,118.36669763590773,325.11579315242886,753.4779785351537,0.4782831293935418,0,0,1
234.63910651775296,13763.877576862356,116.84071580286808,321.5817978788343,730.9634524983402,-0.3340288124646935,0,0,1
234.73912318719783,13775.613988673613,116.5067858295558,325.0542516673696,673.2688748748183,-0.1633241463026147,0,0,1
234.8391398566428,13787.355402151958,118.1130488402354,326.4033290970843,816.7851584123507,0.1363850890899513,0,0,1
234.9391565260877,13799.101817297382,117.07756562312473,329.91443912850326,728.5304863446488,0.8185049878410261,0,0,1
235.03917319553256,13810.85323410989,118.57952298181291,315.96778821763354,822.5085639351862,-0.0808344600553503,0,0,1
235.1391898649775,13822.609652589486,118.18660088206543,320.7303294972119,806.1887617986982,0.5257190839156509,0,0,1
235.2392065344224,13834.37107273616,118.30317259041168,325.66772694784606,789.3278016972165,0.4508961451688596,0,0,1
235.33922320386733,13846.137494549925,116.30365589073314,327.3862402988229,791.5270550758883,1.070783054071608,0,0,1
235.43923987331223,13857.908918030764,118.93156392204251,334.5111717387732,729.5085931336408,0.2852005304608435,0,0,1
235.53925654275716,13869.68534317869,118.03087880261242,328.33244550984506,852.5587172892589,-0.5813169657966246,0,1,-1
235.63927321220208,13881.466769993702,117.45035946685482,323.2799843417888,761.21489010828,0.6132109292560852,0,0,1
235.73928988164693,13893.253198475792,118.01303340816573,319.1217502234514,773.5480976119796,1.3648949204859573,0,0,1
235.83930655109185,13905.04462862497,116.1434180426476,320.7624813915141,725.3910770439675,0.6322205113231014,0,0,1
235.9393232205368,13916.841060441231,118.37831442174904,320.6304182072681,710.680496232178,-0.0939520889501668,0,0,1
236.03933988998168,13928.642493924574,116.99029843680876,326.88010213156696,780.4979100546403,-0.2560999663696937,0,0,1
236.13935655942657,13940.448929075,116.71700799386976,324.8989228838718,766.9036191609231,-0.1944909275101947,0,0,1
236.2393732288715,13952.260365892513,116.59732742821784,317.0056894686763,715.9556448379059,1.282396098688054,0,1,-1
236.3393898983164,13964.076804377104,119.28238332414811,321.45443164437944,682.8977295954272,0.1463381551487338,0,0,1
236.4394065677613,13975.89824452878,117.59043989018784,328.0316784240332,690.7191968142787,-0.0400393195083753,0,0,1
236.53942323720625,13987.724686347545,119.80343932851962,325.4122540985909,813.4188055404599,0.2367459057880533,0,0,1
236.63943990665112,13999.556129833389,117.78391849027328,326.507167070729,722.3466799312428,0.1349206026145005,0,0,1
236.739456576096,14011.392574986314,116.66237033045506,325.58855420789587,735.4616764445017,1.0652459093999214,0,0,1
236.83947324554092,14023.234021806324,117.3032121828218,331.8161009975984,824.322331431919,-0.2190387400028928,0,1,-1
236.93948991498584,14035.08047029342,119.70555657749986,324.8741643106204,695.0964865011725,0.9051585813985104,0,0,1
237.03950658443077,14046.931920447596,118.3638551142787,321.7738366690896,714.2534503020597,0.3607651121166383,0,0,1
237.13952325387567,14058.78837226886,118.02147433044723,319.1351771197198,711.5645077185342,0.899472759876477,0,0,1
237.23953992332056,14070.649825757202,118.77978818751306,324.9720012833806,830.3064109254168,1.0956491811050475,0,0,1
237.33955659276543,14082.51628091263,119.17156103255029,311.5304355854011,848.4727793946312,0.3511447073936248,0,1,-1
237.4395732622104,14094.387737735144,119.83718544700766,322.8225123170575,785.7828625281319,0.1588218348318205,0,0,1
237.53958993165529,14106.264196224738,120.21829419572056,322.72475969355884,786.7755133689392,0.3538685746281139,0,0,1
237.63960660110016,14118.145656381414,118.460034654761,316.9416063920236,717.990581549367,0.2533969625558905,0,0,1
237.7396232705451,14130.03211820518,117.54376394919052,319.1326331337745,843.7772888127533,-0.5377036120827122,0,0,1
237.83963993999,14141.923581696024,118.50635480887172,327.8322516447402,759.1986878232609,1.077535658810285,0,0,1
237.9396566094349,14153.82004685395,119.23010881130034,324.94752440631834,787.8728764456557,0.4323014120237367,0,0,1
238.03967327887983,14165.721513678964,118.0560777132293,324.3129089964246,739.3450815006191,-0.2852119145584038,0,0,1
238.13968994832476,14177.627982171058,118.11269405926733,325.3457066644926,730.6241410053525,-0.7368043636226391,0,0,1
238.23970661776963,14189.539452330237,119.4636411904347,324.2871086015216,826.5828016193886,-0.8517343360586396,0,0,1
238.33972328721453,14201.4559241565,119.12120929203682,330.04828514301306,769.8222668486521,0.6934168552471407,0,0,1
238.43973995665945,14213.377397649843,119.25266697374131,324.46111990418416,814.8107257110397,0.000175890246546,0,0,1
238.53975662610435,14225.303872810273,118.5113829783521,316.5629100935167,754.4147062338164,0.0739008879303925,0,0,1
238.63977329554928,14237.23534963779,119.08948593356888,332.014627153927,698.6367906276466,0.5518955677388724,0,0,1
238.73978996499417,14249.171828132385,118.4456618382288,325.72568033314366,711.2952650405458,0.0425991343628604,0,0,1
238.83980663443907,14261.11330829406,120.31010172834432,320.9377120094686,633.6893581355803,0.5951151007590669,1,0,1
238.939823303884,14273.059790122828,120.50516098666576,317.6269737389133,707.9534111364076,0.3717761403924269,0,0,1
239.0398399733289,14285.011273618671,117.67373212442637,325.8835551021231,683.3140667676182,0.2501165525402333,0,0,1
239.1398566427738,14296.9677587816,118.64041746119447,323.3281256394055,798.1671769662021,-0.4835903660556147,0,0,1
239.23987331221872,14308.929245611616,118.12340740101928,331.7947212613839,710.2624825526962,-0.1127910119181971,0,0,1
239.3398899816636,14320.895734108712,119.0199210564249,322.2044525948322,743.8257563616894,0.6083018442900305,0,0,1
239.4399066511085,14332.86722427289,119.63651535576388,319.7570867166985,751.1334031282446,-0.0269670413659676,0,0,1
239.53992332055344,14344.843716104157,118.3203164405782,328.432973423235,706.3301434360271,0.9019235648089342,0,0,1
239.63993998999837,14356.8252096025,118.89811018187386,328.590403462584,807.6893201147976,1.4788655300173876,0,1,-1
239.73995665944324,14368.81170476793,118.86602095764012,324.8172525039953,678.7042764889133,0.6334976451533567,0,0,1
239.83997332888816,14380.803201600447,120.12725399384304,327.36578257126337,747.0551157540094,1.066133282063681,0,0,1
239.93998999833303,14392.799700100042,120.0393393362028,323.8055633961221,745.6926958195382,0.6790583576719424,0,0,1
240.040006667778,14404.801200266722,119.29826578055172,325.17332617182404,730.0875078073186,0.0430512124993144,0,0,1
240.14002333722289,14416.807702100488,120.24683254075084,329.8389567465419,667.3685038852909,0.4211884421157463,0,0,1
240.24004000666775,14428.819205601334,119.57333991874664,327.1505956707743,775.1693775137433,1.3199800765558098,0,0,1
240.34005667611268,14440.835710769265,119.89837322773027,323.18763347594813,768.2188672073645,0.0552838583243376,0,0,1
240.4400733455576,14452.85721760428,121.89348876307734,330.80582006418655,696.6802090548917,-0.1788179816430492,0,0,1
240.5400900150025,14464.883726106376,121.6105060592916,312.2297321375427,765.2487652879605,-0.2297124146947797,0,1,-1
240.6401066844474,14476.915236275558,119.02047210529612,334.3243772255544,748.0360259613607,0.1982756755671353,0,0,1
240.74012335389236,14488.951748111824,121.19979409482534,315.54421686093553,664.6767379985522,-0.1693224300669848,0,0,1
240.84014002333723,14500.993261615173,121.2314665661602,320.94854987847225,685.428069686548,1.1698045131874169,0,0,1
240.94015669278212,14513.039776785605,119.32181505763846,323.8894279933029,784.4562239631897,0.4186280583033659,0,0,1
241.04017336222705,14525.091293623118,121.33886432486838,323.3716139825819,742.431063061658,0.8199532077187358,0,0,1
241.14019003167195,14537.147812127714,122.10802693424851,329.1460742033,698.1636740095801,0.1941563103699177,0,0,1
241.24020670111688,14549.2093322994,119.49755854431402,318.8348375770605,682.8740592745047,-0.2576459451912397,0,0,1
241.34022337056177,14561.275854138165,119.75260886426662,325.43785642447153,699.4476611259182,-0.3393185492370248,0,0,1
241.44024004000667,14573.34737764401,121.73778148684684,321.25296351290194,702.4133360302378,-0.1150581175335453,0,0,1
241.5402567094516,14585.423902816943,121.04162366555144,325.62973056763224,681.7595863076267,0.5042781563565234,0,0,1
241.6402733788965,14597.505429656958,121.37161296468776,323.8401660389003,636.3904212863716,0.5944273083946201,0,0,1
241.7402900483414,14609.591958164056,121.2107342405712,324.63870726824905,779.9006433727504,0.634143276937682,0,0,1
241.84030671778632,14621.68348833824,121.3108492798213,321.4344065094569,770.8534776407259,-0.4105845619779747,0,0,1
241.9403233872312,14633.780020179503,119.64368956530453,321.6437125882427,658.0812988173603,0.313921608309699,0,0,1
242.0403400566761,14645.881553687854,122.0674877349595,325.64039657580474,727.9823756536771,-0.1700426914983883,0,0,1
242.14035672612104,14657.988088863289,122.2397683554883,328.9326132013923,675.4781019082167,0.5458535743508639,0,0,1
242.24037339556597,14670.099625705803,120.89079595371494,321.2326406685674,706.9353133824864,0.5682522297644267,0,0,1
242.34039006501084,14682.2161642154,121.12671808269155,319.89020128363654,702.1994690124059,-0.2545510149559428,0,0,1
242.44040673445576,14694.337704392086,119.68909586467215,327.31134150180475,697.4706712762044,0.7986625286087927,0,0,1
242.54042340390063,14706.464246235852,121.78446645796816,324.09152287510165,818.4347805472664,1.5089203346702138,0,0,1
242.6404400733456,14718.5957897467,121.89227747838692,328.41653467726434,695.6966462482471,0.7582486602208948,0,0,1
242.74045674279049,14730.732334924634,121.30803735439594,319.7450596074233,676.7257028567652,0.2523008226929595,0,0,1
242.84047341223535,14742.87388176965,122.5445900659882,315.3868527141064,678.4362453852585,0.1906474739633864,0,0,1
242.94049008168028,14755.02043028175,121.1361678098602,321.6290285990364,768.1810461849309,0.2271169604461804,0,0,1
243.0405067511252,14767.171980460937,122.0848593014562,320.47228762878746,632.8144216727433,-0.0371641820934516,0,0,1
243.1405234205701,14779.3285323072,120.55059737159294,323.9201103416555,676.7161903493507,0.4508788573243252,0,0,1
243.240540090015,14791.49008582055,121.59671789413326,321.1398279376496,786.6167337452987,-0.2320143812632353,0,0,1
243.34055675945996,14803.656641000984,121.49592412182712,328.03914043262824,725.9036139970196,-0.6088571279146895,0,0,1
243.44057342890483,14815.8281978485,121.94559463649335,322.9033060307779,722.7295746294324,0.4512869549653044,0,0,1
243.54059009834967,14828.0047563631,121.40076812034152,325.1064315037045,819.1704237229226,0.3454550621504296,0,0,1
243.64060676779465,14840.186316544788,121.68883078822566,325.1522334689841,717.075708248964,0.0527547722674224,1,0,1
243.74062343723955,14852.372878393551,122.69635889006128,325.3488378057849,676.0144135364915,-0.2905232595051014,0,0,1
243.84064010668445,14864.564441909402,121.483555816104,324.2634184583936,696.7508625818301,0.4807136963047214,0,0,1
243.94065677612937,14876.761007092338,120.363751287326,326.9470691296645,653.514548894025,-0.1726057892205281,0,0,1
244.04067344557427,14888.962573942355,123.76992062699256,320.42579167542834,772.5149200009794,0.295073167799543,0,0,1
244.1406901150192,14901.169142459454,123.45179913620008,331.4111586447713,737.8785119027034,1.242920223951395,0,0,1
244.2407067844641,14913.38071264364,120.82809069712644,323.24138376160374,764.8039455577053,0.6535619434861715,0,0,1
244.340723453909,14925.597284494908,122.86006953219967,317.8763266558975,768.6657001644214,-0.3316770515683664,0,0,1
244.4407401233539,14937.818858013256,121.7173952911256,325.38444079729425,686.7396836500363,-0.2987371723549485,0,0,1
244.5407567927988,14950.045433198697,122.53386561173046,320.1981732670424,659.6467519745554,0.4246956022412863,0,0,1
244.6407734622437,14962.277010051212,122.61461086013536,327.79075001876873,703.7333634450612,-0.3378623071517831,0,0,1
244.7407901316886,14974.513588570811,122.135987265528,335.52210689338074,662.1160421014154,-0.6570279878475438,0,1,-1
244.84080680113357,14986.7551687575,121.63663773498035,320.5512202223241,713.4374678749161,0.6038891676279159,0,0,1
244.94082347057844,14999.001750611267,121.77987068297296,326.15594401317776,761.2304480816837,0.4999204843281467,0,0,1
245.0408401400233,15011.253334132118,121.60422815453042,315.7265560704792,695.6550527837434,0.5626075151316695,0,0,1
245.14085680946823,15023.509919320057,121.73860619650368,326.7836118281536,710.9986713778052,0.4704654264625427,0,0,1
245.2408734789132,15035.771506175071,122.55325844940722,320.0955183488929,698.2439682569147,0.3163735287497368,0,0,1
245.34089014835808,15048.038094697176,121.95468508506828,321.4099159226634,742.5104099048534,0.0105036751722623,0,0,1
245.44090681780295,15060.309684886362,123.40250547461412,319.0376582325811,668.4231434527204,0.6178682028974509,0,0,1
245.54092348724788,15072.58627674263,124.25770789895986,328.2148484789985,591.4286312787765,1.1358658126691554,0,0,1
245.6409401566928,15084.86787026598,122.24041683697637,329.6006158030356,724.2335174737627,0.0945141339507872,0,0,1
245.7409568261377,15097.15446545642,123.10988291360422,324.6910217559063,749.5213743056454,-0.1543115877494333,0,0,1
245.8409734955826,15109.446062313937,123.42017185809424,320.26196382287964,721.8883924458246,-0.2075320276483745,0,0,1
245.9409901650275,15121.742660838538,123.44249735343304,332.5417141970221,666.9986302760474,-0.0730504471208638,0,0,1
246.04100683447243,15134.044261030229,123.0964586851523,320.852050044674,641.7004724973774,0.4571868783456187,0,0,1
246.14102350391727,15146.350862888996,123.81319417031838,313.8039408507545,722.6173235106835,-0.7047062412418683,0,1,-1
246.24104017336225,15158.662466414848,123.60276903936176,326.91604906712155,704.4082108834983,0.5819656765571914,0,0,1
246.34105684280715,15170.979071607786,121.93286599907628,319.1102323160731,690.4868946116995,0.6632860764827707,0,0,1
246.44107351225205,15183.300678467804,124.0896928205153,329.5871513187211,787.34240198784,-0.5303225329859969,0,0,1
246.54109018169697,15195.62728699491,124.15783592811523,322.7484205348026,648.3223847015166,-0.1199796008966696,0,0,1
246.64110685114187,15207.958897189095,122.55726732139236,327.6826768878352,783.8578404117872,0.3889195893013515,0,0,1
246.7411235205868,15220.295509050364,123.408499595741,331.68161408481944,696.13922955996,0.2881428486655026,0,0,1
246.8411401900317,15232.63712257872,124.10389908782692,318.6398196958996,843.4795188556276,0.6287216059978311,1,0,1
246.9411568594766,15244.983737774157,123.26126461015892,321.86443003148565,684.479325147614,0.2874220156342935,0,0,1
247.0411735289215,15257.335354636674,124.59356481222676,324.3257619896068,740.859639568666,1.0077540714934043,0,0,1
247.1411901983664,15269.691973166282,125.93446759380257,332.40187561500835,674.0779055677393,0.2329719704680874,0,0,1
247.2412068678113,15282.053593362967,122.83461740127068,321.4322070970789,618.0379948547405,-0.1389487972048421,0,0,1
247.3412235372562,15294.420215226735,122.28956716547434,321.7616038739806,682.9979029203939,-0.1859819289694962,0,0,1
247.44124020670117,15306.791838757594,124.02443869895544,327.1348268984492,647.8121609398034,0.7355965046069248,0,0,1
247.54125687614604,15319.16846395553,124.49219094319916,321.8679820590617,714.709091989676,0.3888335410814068,0,0,1
247.64127354559093,15331.550090820549,123.5897703989507,325.52675676904715,728.236396862591,0.679070507385032,0,0,1
247.74129021503583,15343.936719352656,125.32390577083896,317.016441916663,636.2013612654054,0.6917486639171859,0,0,1
247.8413068844808,15356.328349551844,122.58204764251713,335.8557804012311,653.173595607203,-0.6605352981703085,0,1,-1
247.94132355392568,15368.724981418112,124.66358039999444,318.0555862038455,725.7452790922704,-0.1937397909698085,0,0,1
248.04134022337055,15381.126614951469,123.4148092909264,323.195370502386,644.4207398071485,-0.1503537442492943,0,0,1
248.14135689281548,15393.533250151906,125.79005635261504,324.6517305100711,632.7052848748576,-0.0164683163040272,0,0,1
248.2413735622604,15405.944887019426,126.1132021342983,334.38757802801,627.3293127276286,0.1858571075070026,0,0,1
248.3413902317053,15418.361525554034,123.40403852806932,318.2099101185068,703.3169169718702,0.8593952078054559,0,0,1
248.4414069011502,15430.783165755722,123.67114631466652,334.7626613675088,700.6244283102977,0.9625059486226404,0,0,1
248.5414235705951,15443.209807624493,125.13029967227736,328.6400264625696,650.4162354787486,0.2361189520863912,0,0,1
248.64144024004003,15455.641451160349,123.9335894702305,326.94962064612025,684.3252397693641,0.2410350164641929,0,0,1
248.74145690948487,15468.078096363286,124.32531723681022,319.9509772558587,759.8804600873766,0.019098543542922,0,0,1
248.84147357892985,15480.519743233308,124.44612521000732,327.73985356808333,634.2741415515128,0.418006340350861,0,0,1
248.94149024837475,15492.966391770417,122.55107196798971,321.2767159127385,584.8437647158423,0.4502619407884618,0,0,1
249.04150691781965,15505.418041974604,124.50691571281558,331.23745695777404,704.6388566227424,0.7774560585763692,0,0,1
249.14152358726452,15517.874693845872,123.8810340195681,320.0588422131878,675.8196388639817,0.7652096991730275,0,0,1
249.24154025670947,15530.336347384233,124.12764730595497,324.3583615533905,645.2934981434615,-0.7818446735178916,0,0,1
249.3415569261544,15542.80300258967,126.114410466546,322.1577902525496,712.8542556310548,0.3197790936944668,0,0,1
249.44157359559927,15555.274659462191,123.46427990352038,320.00654254742494,721.6674277811774,1.0526448751342614,0,0,1
249.5415902650442,15567.7513180018,125.58400031927007,328.660758111044,568.7486314951742,0.1696770964582258,0,0,1
249.6416069344891,15580.232978208487,124.54184053691272,327.64145443049705,645.9894337730136,0.9443027732006014,0,0,1
249.741623603934,15592.71964008226,124.59105163347115,331.0192133548984,793.9523720110424,0.2221099825595372,0,0,1
249.8416402733789,15605.21130362312,125.71119203274117,316.08478848629704,706.7044715664349,0.4779406841142538,0,0,1
249.9416569428238,15617.707968831057,125.3108797659808,330.3150192059876,710.7975067832131,-0.1834348763612026,0,0,1
250.0416736122687,15630.209635706078,125.59144980335388,337.5314118880113,735.0955713113319,-0.1607877286731033,0,1,-1
250.14169028171364,15642.716304248188,126.03902980138967,322.7559635822866,676.7632642240641,0.7577506270633236,0,0,1
250.24170695115853,15655.227974457375,124.78954509239594,334.4999137556607,715.2034292795183,0.8188925724184943,0,0,1
250.34172362060343,15667.74464633365,124.55862507579396,323.71836600176124,710.732154158097,0.3881192790454915,0,0,1
250.4417402900484,15680.266319877008,124.13571961846638,318.1821253411983,701.2413895297899,-0.2444418439635302,0,0,1
250.54175695949328,15692.792995087448,124.44546794976768,323.52601348391534,657.6494105762654,0.3953060657522674,0,0,1
250.64177362893813,15705.324671964969,128.2699812397778,330.3051972012702,681.8140809842308,1.05557956717254,0,0,1
250.74179029838308,15717.861350509578,126.61557472992833,320.8832966181807,643.2546134081643,1.2745020308000417,0,0,1
250.841806967828,15730.403030721269,124.06982911770596,322.0824874017504,672.7753942634986,0.2101024246748347,0,0,1
250.94182363727288,15742.94971260004,124.14845386189286,328.0618795251932,613.1725521515234,-0.4604464973527293,0,0,1
251.0418403067178,15755.5013961459,126.0027862150774,325.11948461436464,631.5287448796262,0.8146841771106108,0,0,1
251.1418569761627,15768.05808135884,126.11819328545933,328.03730046005,656.4076196553976,0.258122607071275,0,0,1
251.2418736456076,15780.619768238865,126.16982065812115,326.31333506835244,622.801656766476,0.8683427606569336,0,0,1
251.34189031505247,15793.186456785974,125.41598936397256,327.5323156292631,644.2002003216796,0.5269762950991916,0,0,1
251.44190698449745,15805.758147000164,125.5954992322458,322.98268476940206,660.7193291336775,-0.0528300532851033,0,0,1
251.54192365394232,15818.334838881436,126.09884135113052,326.3128470755462,688.4937375659491,0.4249573703858555,0,0,1
251.64194032338725,15830.916532429796,125.90686316798696,320.52732900385905,715.3089056928959,1.047344265718757,0,0,1
251.74195699283212,15843.503227645237,123.65167812366852,331.61636381180017,644.122669862864,0.2884358189649642,0,0,1
251.84197366227704,15856.09492452776,125.69118720056332,322.01282378214114,733.533394348746,-0.1271984166719562,0,0,1
251.941990331722,15868.691623077371,125.11958873160069,330.83843647091913,713.1754193504638,-0.411902402420828,0,0,1
252.0420070011669,15881.29332329406,126.19621491949196,324.0361658952024,690.9166854891654,0.0111077296232378,0,0,1
252.1420236706118,15893.90002517784,129.0562708379093,326.2241974208478,672.862005027331,0.2336497335699381,0,0,1
252.2420403400567,15906.511728728696,126.48850183550265,322.7493812795521,680.603571183333,0.8112795154467234,0,0,1
252.3420570095016,15919.128433946637,125.8574988185784,320.15422854511,723.4684926668995,-0.1679311776309484,0,0,1
252.4420736789465,15931.750140831666,127.14283834145051,316.52040542986816,724.763749341153,1.1874373230206456,0,1,-1
252.5420903483914,15944.376849383772,126.75373306140492,319.97758824187684,729.8013588278536,-0.2635549808191037,0,0,1
252.6421070178363,15957.008559602964,126.74114799937,323.644666435704,664.590044554088,1.5705860092747543,0,0,1
252.74212368728124,15969.645271489242,126.97791243685629,326.33360826287253,689.7421659183007,1.270964822955494,0,0,1
252.84214035672613,15982.2869850426,128.47761374319262,330.3361106020889,728.6416615249251,0.5006241544771857,0,0,1
252.94215702617103,15994.93370026304,125.3401900777596,323.0654284036329,629.7494864518011,-0.4384380538854789,0,0,1
253.042173695616,16007.585417150569,126.99471892461943,320.8944135482257,644.4858206551448,0.3807330719708218,0,0,1
253.14219036506088,16020.242135705175,125.64471405254888,318.1006451064925,660.6802944363832,0.1961459473361531,0,0,1
253.24220703450573,16032.903855926868,127.17661616359511,327.7245387929711,704.3306185923753,-0.2260983680722484,0,0,1
253.34222370395068,16045.570577815648,125.75242534048924,332.2501949470418,704.5819317621874,0.5365506448497843,0,0,1
253.4422403733956,16058.242301371503,126.3037533730927,331.67587537712103,646.7531829867452,-0.0131307443685786,0,0,1
253.54225704284048,16070.919026594447,126.47603860718232,328.90388944502024,582.3394015982246,0.0436519266682546,0,0,1
253.6422737122854,16083.600753484476,127.7969535754874,328.55694395756655,669.5529784156781,0.318175717588431,0,0,1
253.7422903817303,16096.287482041584,127.78959963480756,333.86234793671974,610.802301994419,0.1324533538588647,0,0,1
253.8423070511752,16108.979212265778,125.67543614914122,327.0446380122016,581.6960467285342,1.429066229937627,0,0,1
253.94232372062007,16121.675944157056,127.02609597130991,328.62488075218283,592.4744471270393,0.1410353413210479,0,0,1
254.04234039006505,16134.377677715416,126.31159034028332,323.8003147297465,671.4626635266524,0.6192408765990207,0,0,1
254.14235705950992,16147.084412940858,125.81267361907962,318.6040188516772,722.6714885833975,0.4646365955933501,0,0,1
254.24237372895485,16159.796149833388,126.90416981405303,322.00499287039764,656.0407728472187,0.5835308984647118,0,0,1
254.34239039839971,16172.512888392996,126.86271241074404,325.3884438471667,664.1419250274223,0.6211107971655807,0,0,1
254.44240706784464,16185.23462861969,129.64792002026783,325.74816756929096,712.1949029248747,0.8884177660561239,0,0,1
254.5424237372896,16197.961370513469,127.70417169400548,335.0856716480059,575.3050923041294,0.5518863746677157,0,0,1
254.6424404067345,16210.693114074327,125.943602702613,325.8706298786288,678.0147583727289,0.506130913005058,0,0,1
254.74245707617936,16223.429859302272,126.80645453391874,331.3684629277461,650.9049650341336,0.4350067152709756,0,0,1
254.8424737456243,16236.171606197302,128.44262016824155,323.30886116668086,679.2662612381287,0.3603119206325661,0,0,1
254.9424904150692,16248.918354759411,129.55968798040453,323.93586961268073,626.2685436782829,-0.00951646714497,0,0,1
255.04250708451409,16261.670104988603,125.93527023001909,318.8592125223342,609.0256418012688,0.3631335810188412,0,0,1
255.142523753959,16274.426856884884,125.69133749184046,321.8026123110131,656.4281348501034,0.5108399164834554,0,0,1
255.2425404234039,16287.188610448246,129.49223538707375,328.1591609991592,731.3428548720939,0.6464314714384327,0,0,1
255.3425570928488,16299.955365678688,128.06089272379532,325.5720566112556,691.409808425782,0.5140222078242621,0,0,1
255.44257376229373,16312.727122576218,126.8529941492705,330.25895047571555,622.4610942745704,0.2899510745393168,0,0,1
255.54259043173863,16325.503881140829,128.30592430199175,326.4605287848991,580.2789753289098,0.3989538320871756,0,0,1
255.64260710118356,16338.285641372522,125.18555581157489,323.80199205192963,621.5197843844614,0.1064882510825979,1,0,1
255.74262377062848,16351.072403271304,127.8746873919114,336.31574669599763,712.097481361239,0.577762251996601,0,0,1
255.84264044007332,16363.864166837164,128.24914139287975,325.1147462004421,598.0214809956005,0.3160899422990256,0,0,1
255.94265710951825,16376.660932070108,128.89559869429695,331.4092705594784,628.9834248205254,0.5265748550507581,0,0,1
256.04267377896315,16389.462698970136,127.00744093718905,323.59822134517293,710.8035649455641,0.909028039973904,0,0,1
256.1426904484081,16402.26946753725,128.1570323856074,329.1622664417586,563.5322618122756,0.070615331642995,0,0,1
256.242707117853,16415.08123777145,127.19592893286692,330.26434900754373,718.3252984475039,0.7096697972419547,0,0,1
256.34272378729787,16427.89800967272,128.4267456493233,326.67673223160773,630.5152007797601,0.4458901303608694,0,0,1
256.4427404567428,16440.719783241086,127.32602390600836,313.87185943219123,585.253619996577,1.4237879074769642,0,1,-1
256.5427571261877,16453.546558476537,127.86327772393363,325.74553801689933,629.8012131393417,0.3128333086203179,0,0,1
256.6427737956326,16466.37833537906,127.32557150302608,331.8165776183631,605.5253052900455,0.7607668877928576,0,0,1
256.7427904650775,16479.215113948674,129.0225314743624,328.3116832116464,663.182929964972,0.4458847756989054,0,0,1
256.84280713452245,16492.056894185374,129.27985468391788,327.9134750895985,608.2225244525387,-0.2520436813521772,0,0,1
256.9428238039673,16504.903676089147,128.23679133202626,317.0829977106091,544.5346518675942,0.1661270500522654,0,0,1
257.04284047341224,16517.755459660013,128.55965823166616,322.1020086939659,628.5766617710575,0.8714982044108663,0,0,1
257.1428571428572,16530.612244897962,127.12283715679504,327.7710738700429,571.2659714387104,0.1939278556613983,0,0,1
257.24287381230204,16543.474031802987,128.32176025814422,327.77620376516467,648.7980629700431,-0.6823999443210795,0,0,1
257.34289048174696,16556.340820375102,128.62124062383174,331.8076229488392,578.7148057028612,0.4164799547777593,0,0,1
257.4429071511919,16569.2126106143,131.34224666662593,325.0199569393887,613.1603442066474,-0.0717616444204426,0,0,1
257.5429238206368,16582.089402520578,127.65949488454422,327.7834128154328,646.1804447992919,0.4839225998339991,0,0,1
257.6429404900817,16594.971196093942,130.28564748379327,325.84616525866466,625.9185964088196,1.233201190759764,0,0,1
257.7429571595266,16607.857991334393,129.86833735322912,320.8395820334449,648.5539324049753,0.8358642292855871,0,0,1
257.8429738289715,16620.74978824192,129.20212331897588,314.5053407274234,669.5380693316915,1.2092552493638904,0,1,-1
257.9429904984164,16633.646586816532,130.73011573340332,327.94934751049203,577.1187257209278,0.183869841733369,0,0,1
258.04300716786133,16646.548387058232,129.39360905653754,326.6740367588502,631.2876398833356,0.3722587262570693,0,0,1
258.1430238373062,16659.45518896701,129.46067111432103,322.72342717322977,467.5248394664704,-0.0773517545377249,0,0,1
258.2430405067512,16672.366992542877,129.06839960035802,317.72843876809577,645.8596127486366,0.0968795306463459,0,0,1
258.34305717619606,16685.283797785825,130.39509747051665,328.9830032896633,617.9455650390886,-0.0040994972469948,0,0,1
258.4430738456409,16698.205604695853,130.31800615663136,324.5147070135864,583.307512523559,-0.1952272637503182,0,0,1
258.54309051508585,16711.132413272968,128.6458679700467,328.63868266334936,647.7601058740954,1.1154776650222826,0,0,1
258.6431071845308,16724.06422351717,128.00230639766662,335.1845533705118,690.1035522786568,-0.6229606955021387,0,1,-1
258.74312385397565,16737.001035428446,129.16858128959217,315.16715798379903,607.1627289743104,1.1254878665366468,0,1,-1
258.8431405234206,16749.942849006813,128.62153169731263,322.38631000883026,583.2182387284006,1.0552152723285098,0,0,1
258.9431571928655,16762.889664252263,129.4080540218174,324.847437652727,638.2059768769408,0.6939587313382298,0,0,1
259.0431738623104,16775.84148116479,130.75902506583932,333.17844825696426,562.6705342426683,-0.0921695955291118,0,0,1
259.1431905317553,16788.798299744405,129.11429361079087,317.7323039571431,595.9283558510833,-0.3514918107056606,0,0,1
259.2432072012002,16801.760119991108,129.57878021928855,335.60362584852305,689.5644919238416,0.1724734552002202,0,0,1
259.3432238706451,16814.726941904883,129.7296346701309,326.613601894896,631.0507071339158,0.7615547375029625,0,0,1
259.44324054009,16827.69876548575,130.5700511522503,325.46432074533976,533.466161264711,0.4636274514283087,0,0,1
259.54325720953494,16840.675590733703,127.52473927078286,324.96402690485894,537.088092611962,-0.1056903643328409,0,0,1
259.6432738789798,16853.65741764873,129.21493664472462,323.7830122269978,634.5405264960974,1.0152242660742354,0,0,1
259.74329054842474,16866.644246230848,130.08292896649183,331.2149128511883,669.0547386003585,1.2966561732505084,0,0,1
259.84330721786966,16879.63607648005,131.1217325653617,320.6417269513748,544.5535055460041,0.3575643982696951,0,0,1
259.94332388731453,16892.63290839633,129.47975949615108,327.7214032969507,647.4199779365856,0.4998267458965986,0,0,1
260.04334055675946,16905.634741979695,128.14511757233785,324.08342572714105,690.9516921120512,-0.3293051250602515,0,0,1
260.1433572262044,16918.641577230148,130.69139005906834,322.20366848004994,718.3280350826601,0.2568193051741652,0,0,1
260.2433738956493,16931.65341414768,129.48632455899903,338.9542132679844,639.9971920765006,0.7004787296538387,0,0,1
260.3433905650942,16944.670252732292,128.98202862345673,328.12959273027667,648.277551342038,0.6150249465359857,0,0,1
260.4434072345391,16957.692092983994,129.59735822755633,329.11066844675963,515.7799665768122,0.1931264571422043,0,0,1
260.54342390398403,16970.71893490278,130.08718659433617,331.7432262937417,726.9289801957457,0.317409005325071,0,0,1
260.6434405734289,16983.75077848864,129.71697562217625,318.95759433075017,592.6694051540684,0.2251941454759681,0,0,1
260.74345724287383,16996.787623741595,128.16616256433784,334.8358052698975,574.2733187572854,0.286197006764309,0,0,1
260.8434739123188,17009.82947066163,131.3188031530465,313.5395614987565,607.6899283647433,0.6856462615016352,0,0,1
260.9434905817636,17022.876319248742,131.74662033216055,322.2505170079838,695.537661424751,-0.5028094595299959,0,0,1
261.0435072512085,17035.928169502942,131.17327561694378,323.8091923592264,729.8604456242766,0.4345153178722123,0,0,1
261.1435239206535,17048.98502142423,129.43407628990192,329.0229692169179,625.2331263379282,0.6194476138854846,0,0,1
261.24354059009835,17062.04687501259,130.42027876110166,327.2179453897173,668.3718463795783,0.174495951289387,0,0,1
261.3435572595433,17075.113730268044,130.66525731454217,325.30028202246234,620.1331815202121,0.2239327236983746,0,0,1
261.4435739289882,17088.18558719058,131.320581354056,326.08437066976023,565.588942406164,0.2488602757421911,0,0,1
261.54359059843307,17101.26244578019,131.44013578793462,321.2642439422305,690.8220318857856,0.236461031512521,0,0,1
261.643607267878,17114.344306036895,130.0876298351605,318.6781987543669,585.3850016198294,0.4574795459472233,0,0,1
261.7436239373229,17127.43116796068,130.95380752507504,329.80692050541256,692.7748362835731,0.5326821491304613,0,0,1
261.8436406067678,17140.523031551544,131.37910070799913,329.6528946233577,680.4326804511412,-0.5752564879340232,0,0,1
261.9436572762127,17153.619896809498,132.42765096025312,334.11683760340657,645.7151375632097,0.8186011927165172,0,0,1
262.04367394565764,17166.721763734535,131.72634351265356,322.25428191048974,705.9701663205136,0.3356293254944715,0,0,1
262.1436906151025,17179.828632326647,131.86090199492676,329.67844511301485,725.6472277343955,1.4493058094970432,0,0,1
262.24370728454744,17192.94050258585,131.2056802702031,324.8058370866311,604.776648604405,-0.1236142315088372,0,0,1
262.3437239539924,17206.057374512136,132.5823211221997,332.1867473213667,572.6083943050955,0.061077158406168,0,0,1
262.44374062343724,17219.1792481055,131.6316331076781,331.3541879457344,519.3442843180119,0.3776338613253294,0,0,1
262.54375729288216,17232.306123365954,130.4107907362675,327.3104227254105,724.3019570749757,0.6662020134720832,0,0,1
262.6437739623271,17245.438000293492,132.72525695128874,324.5667266129028,589.594203834216,-0.4782613731921667,0,0,1
262.743790631772,17258.574878888103,132.06979858842502,331.07903995621854,667.8409986525398,0.0716987071353229,0,0,1
262.8438073012169,17271.716759149807,130.97885962947996,329.51890334640456,573.5376301667716,0.7642403557939985,0,0,1
262.9438239706618,17284.863641078595,130.99241901793167,322.87218038663525,687.0253142472103,-0.0052653505827672,0,0,1
263.0438406401067,17298.015524674458,131.8184958651941,319.6653906966135,574.6181768721123,1.167144633548868,0,0,1
263.1438573095516,17311.172409937415,132.03511345004338,324.8717212275462,549.5505143327923,0.2587369652177934,0,0,1
263.24387397899653,17324.33429686745,131.81922925512947,333.9014564746407,598.2239539940925,0.0324568189884432,0,0,1
263.3438906484414,17337.501185464567,131.98325399766358,332.06682485850934,581.5736846872538,0.7899497191530782,0,0,1
263.4439073178863,17350.67307572877,133.42191103351954,320.7827533834357,637.4910425557265,1.312703575649053,0,0,1
263.54392398733125,17363.84996766006,132.8435051459005,320.51560531923354,604.620279512735,0.7073029343793974,0,0,1
263.6439406567761,17377.031861258423,132.01260591965308,332.7378133140751,638.0895069208564,1.1155238967660404,0,0,1
263.74395732622105,17390.21875652388,132.81328924387802,320.696216208833,591.6680632801856,1.3369152748368691,0,0,1
263.843973995666,17403.410653456416,130.88946309430546,328.9308740177766,572.4789062343275,0.0062266027760503,0,0,1
263.94399066511085,17416.60755205603,132.36992238250224,323.3140429898295,576.0717730404941,0.9603989765303116,0,0,1
264.0440073345558,17429.809452322737,133.831310017011,334.489625356064,707.0126534759238,-0.2458172205818166,0,1,-1
264.1440240040007,17443.016354256524,131.85396610660797,322.5622784047107,615.5405605039205,0.6951621227384116,0,0,1
264.2440406734456,17456.22825785739,131.2743864081037,332.14121171837365,504.610590607578,0.437655090684421,0,0,1
264.3440573428905,17469.445163125343,131.5199397828522,327.35869900459085,577.3053241552146,1.0987519824057963,0,0,1
264.4440740123354,17482.667070060383,131.13240396882532,327.705381672405,607.6765364502567,1.0571606735348815,0,0,1
264.5440906817803,17495.893978662498,131.48728343276244,316.60286616142105,694.6210648294539,0.7616399821365869,0,0,1
264.6441073512252,17509.125888931703,131.9515455770226,315.4498439690939,653.3042481351478,0.6335217044721358,0,0,1
264.74412402067014,17522.36280086799,130.96649499115642,325.3715827007304,555.3020374150861,0.7225674005346592,0,0,1
264.844140690115,17535.60471447136,132.4376886790071,327.71894438609456,721.8247188329572,0.5232131197548151,0,0,1
264.94415735955994,17548.851629741814,133.3743558535666,320.8684265972674,598.8682995380952,0.4774862633454971,0,0,1
265.04417402900486,17562.103546679355,131.6143308343555,321.06095035051874,662.2625793567379,1.2000964585300944,0,0,1
265.14419069844973,17575.36046528397,134.09137927286665,329.3217822189756,541.7158190513551,1.3018650240133502,0,0,1
265.24420736789466,17588.622385555675,133.13289577247494,329.33869313907513,479.0786280634992,0.4331541318859958,0,0,1
265.3442240373396,17601.889307494464,133.70269260429384,325.8457171017943,528.0861306916971,0.6325214207319337,0,0,1
265.44424070678446,17615.16123110033,132.0642857995401,330.44543267660885,435.51233695706674,0.5269857195421718,0,0,1
265.5442573762294,17628.43815637329,133.6266539151813,320.6834142590222,703.1551655524328,-0.2934517726390075,0,0,1
265.6442740456743,17641.72008331333,131.73020312244185,324.78475281913256,607.7994161170207,0.3124738388374255,0,0,1
265.7442907151192,17655.007011920443,133.76239285839608,334.8138171004303,550.3630224872118,1.3145824085374898,0,0,1
265.8443073845641,17668.29894219465,133.0939930320756,326.9260413881555,618.7492600938014,0.1284376771558561,0,0,1
265.94432405400903,17681.595874135943,133.5254132469893,327.2259949783359,605.1079772317673,1.567934806112167,0,0,1
266.0443407234539,17694.897807744306,131.8465757561021,338.1341670021841,626.2115433689609,1.0686532425099686,0,0,1
266.1443573928988,17708.204743019764,132.1771088541728,319.61772491004604,655.1654228431165,0.6887646453123027,0,0,1
266.2443740623437,17721.516679962304,133.71941524942525,330.60658923944493,579.7171550608789,0.7944123925527,0,0,1
266.3443907317886,17734.833618571924,132.2238473616701,334.9543704722193,549.7459877561807,0.0301833897497326,0,0,1
266.44440740123355,17748.15555884863,133.6854099927159,325.0201511076306,634.6518342479322,0.3807918216767308,0,0,1
266.5444240706785,17761.48250079242,131.905074228879,330.9525963413421,632.9052127066475,1.204246266521282,0,0,1
266.64444074012334,17774.814444403288,134.1703945827283,321.75434658795785,597.3512440127803,0.2145295694157969,0,0,1
266.74445740956827,17788.151389681247,132.13970539001562,323.24078376312,700.7184220427029,1.0179650181530795,0,0,1
266.8444740790132,17801.493336626285,133.97453697718612,328.60927948813946,569.4762443719,-0.1701265675189373,0,0,1
266.94449074845807,17814.840285238402,134.09787630787503,330.68728244039875,545.9014684408523,-0.0785462153228419,0,0,1
267.044507417903,17828.19223551761,132.82548189052193,332.3091333038216,611.3263332040826,1.4494945512193038,0,0,1
267.1445240873479,17841.549187463905,134.1542886107587,334.5625953434323,556.2026417851505,0.5155953349955267,0,0,1
267.2445407567928,17854.91114107727,133.88271264172994,326.38722128290334,614.2535113337528,0.2475554142795702,0,0,1
267.3445574262377,17868.278096357728,133.13343685692612,332.7025145184867,547.3558002217437,1.1853633026611214,0,0,1
267.44457409568264,17881.65005330527,132.7137323637651,325.0329331923225,568.5230038440117,1.1198401926277242,0,0,1
267.5445907651275,17895.027011919887,131.80966969089118,331.2649156344541,682.606420757536,0.942364639115365,0,0,1
267.64460743457244,17908.408972201596,134.1719537645859,327.8019047327181,567.314690169886,0.2368724239571885,0,0,1
267.74462410401736,17921.79593415039,132.30750928064663,329.00285194581136,547.1815152436996,0.3467108138045818,0,0,1
267.84464077346223,17935.187897766256,134.01766458617243,328.9020034474564,645.1884422019077,0.6749552260667224,0,0,1
267.9446574429072,17948.584863049215,133.70888050537133,318.77094069530165,533.6331911583521,0.8610092703083639,0,0,1
268.0446741123521,17961.98682999926,134.70147983161425,321.1838581169314,551.0692883551264,0.2768647610860575,0,0,1
268.1446907817969,17975.393798616376,133.77029989140863,327.3271762772673,614.076042061255,0.6002350213812264,0,0,1
268.2447074512419,17988.805768900584,133.79290593927385,318.3880753469184,631.7004680864101,0.6489515506276887,0,0,1
268.3447241206868,18002.222740851877,134.9042327646317,330.9905279280675,645.3360016876776,1.178081859596224,0,0,1
268.4447407901317,18015.644714470247,134.55742842414995,331.20225391045386,546.4837498479793,0.9058004089149532,0,0,1
268.5447574595766,18029.071689755707,134.5885346869711,328.4903285103466,613.1783082189921,-0.2242858812653639,0,0,1
268.6447741290215,18042.50366670825,134.7916546543193,321.25880734911254,559.6058711895045,0.4258858318870362,0,0,1
268.7447907984664,18055.940645327868,132.83682327602608,333.7751737741892,552.1622792758349,0.0346009228930593,0,0,1
268.8448074679113,18069.382625614577,135.17919241394264,337.0705339453829,642.1398527397783,0.8236411166284605,0,0,1
268.94482413735625,18082.82960756837,135.08488086269173,327.62986655096546,554.0360190968855,0.9994891562377296,0,0,1
269.0448408068011,18096.28159118924,133.50573727482407,329.45716097293626,594.958866248515,0.5611045479654359,0,0,1
269.14485747624605,18109.7385764772,134.32834826444883,327.9231790216048,588.362879461734,0.3904864418249191,0,0,1
269.24487414569097,18123.20056343224,134.58312978521786,329.57633335956314,436.6692645615528,0.5636046825721955,1,0,1
269.34489081513584,18136.66755205436,134.5379486231662,326.3366952983816,627.9602026690275,0.6326845348354642,0,0,1
269.4449074845808,18150.13954234357,135.0563137088589,326.77166954923905,607.2059883390924,0.2173531278273875,0,0,1
269.5449241540257,18163.616534299865,136.20382885884402,331.48308041788937,479.4141676220126,-0.0511762311545063,0,0,1
269.64494082347056,18177.098527923237,135.9042371394081,338.6926148918293,592.1368788476697,-0.4723759337963424,0,1,-1
269.7449574929155,18190.585523213696,133.56025955302633,319.97413957728287,539.1546468612808,1.1448505615961957,0,0,1
269.8449741623604,18204.07752017124,135.54455707148625,326.4654349942212,632.1949490914918,0.7943482637061622,0,0,1
269.9449908318053,18217.57451879586,136.3014287354381,321.0921966570201,504.60942675464565,0.7412313967840258,0,0,1
270.0450075012502,18231.07651908757,135.40931227131432,334.96462524300546,558.5941743109752,1.1763259638577206,0,0,1
270.14502417069514,18244.583521046367,136.16349251053353,324.07581257047,594.0582234711985,-0.0702958193345878,0,0,1
270.24504084014,18258.095524672237,137.13479086577078,319.808500115085,578.213352543591,-0.2923088791044916,0,0,1
270.34505750958493,18271.6125299652,136.19623830089944,330.2254407452013,613.1839610273964,0.7501557491207544,0,0,1
270.44507417902986,18285.13453692524,135.4718456851567,335.7660629916185,498.6550273922296,0.6914886629679047,0,0,1
270.5450908484748,18298.66154555236,136.31763389832213,330.3724984276513,656.7122898884071,-0.3053787661159356,0,0,1
270.64510751791966,18312.19355584657,135.46744159205673,328.08850013820154,599.9146198939309,0.7245341108627482,0,0,1
270.7451241873646,18325.730567807863,135.39646513696724,329.12021703261644,641.1844787771992,0.3433838528966135,0,0,1
270.84514085680945,18339.27258143624,135.071156192691,334.1587173998087,616.4521247308699,0.1341236074918023,0,0,1
270.9451575262544,18352.8195967317,137.0359921219593,322.7235194025547,571.701525364418,0.4069355637330019,0,0,1
271.0451741956993,18366.37161369425,134.70415843190764,326.5452818991384,507.61440174221127,-0.6896104310303429,0,0,1
271.1451908651442,18379.928632323867,137.1049631572502,324.85106834396674,543.1893005155326,0.2792576553783729,0,0,1
271.2452075345891,18393.490652620578,136.12246789103492,321.2851942170004,650.3881393080906,0.2045379349678935,0,0,1
271.345224204034,18407.05767458437,134.27330592721506,325.4926461233194,639.7252403390013,0.8021395574789647,0,0,1
271.4452408734789,18420.629698215253,136.0902697297309,332.6831295672601,539.0170960541096,0.4769797610979946,0,0,1
271.5452575429238,18434.206723513205,133.6726022638103,329.987536496256,428.6259894720876,0.8326206089800225,0,0,1
271.64527421236875,18447.78875047825,136.44814512301542,330.3860799217779,558.451190417765,-0.7120843289718336,0,0,1
271.7452908818137,18461.37577911038,136.75787692389582,327.906907146448,554.2453704136774,0.1488908285073143,0,0,1
271.84530755125854,18474.967809409587,135.3302978199772,329.8011496687688,555.687085950114,0.820304397163437,0,0,1
271.94532422070347,18488.564841375883,136.09620980630731,323.1915807103298,594.148242129422,0.4017713942079657,0,0,1
272.0453408901484,18502.16687500926,137.97682787882448,325.6569846593787,611.0778399524379,1.0142792948615322,0,0,1
272.14535755959326,18515.77391030972,135.5669320755347,328.1745569408027,616.3284804619155,-0.3557320152823104,0,0,1
272.2453742290382,18529.385947277264,135.0637795274625,328.6121167173133,588.645615115904,0.9030914971304056,0,0,1
272.3453908984831,18543.00298591189,137.65435885170416,328.8354783644577,475.8686406065744,0.2657938313004402,0,0,1
272.445407567928,18556.6250262136,138.1852909744948,326.5528643467109,548.394568962981,0.2274770773232339,0,0,1
272.5454242373729,18570.252068182395,136.2764077905343,325.36742541808565,680.2067866816401,1.0550383972754562,0,0,1
272.64544090681784,18583.884111818275,137.33418348881727,343.0534005059033,583.2612378728929,1.1602239503301297,0,1,-1
272.7454575762627,18597.52115712123,137.71420470366223,331.80848212228824,582.4898446162945,1.1038573036341417,0,0,1
272.84547424570763,18611.16320409128,135.68025289031544,329.35028480433385,581.6219893877909,1.5679417261572606,0,0,1
272.94549091515256,18624.810252728406,135.9874396222084,326.12850660048326,583.9658605842114,1.187614505875787,0,0,1
273.04550758459743,18638.46230303261,137.75362830545345,325.0484566237404,431.5134540967969,0.1895437678029239,1,0,1
273.1455242540424,18652.11935500391,138.2577764057297,326.6605494567695,550.3201191432038,0.6677999278865173,0,0,1
273.2455409234873,18665.78140864229,137.185651321918,328.78869831028214,559.9519612925128,0.3963665574739513,0,0,1
273.3455575929321,18679.44846394775,135.79296444296403,317.9323780389778,625.4720004401439,1.5652121487325836,0,1,-1
273.4455742623771,18693.120520920296,138.70984824288797,319.4976094493643,563.3318622178552,1.158240123709122,0,0,1
273.545590931822,18706.797579559927,136.24182456809905,324.17014714848744,478.17399429248775,0.464438104505904,0,0,1
273.6456076012669,18720.479639866637,136.48766601946198,328.4002579440196,581.55572640636,1.0023718889072124,0,0,1
273.7456242707118,18734.16670184043,137.21514996984553,326.17819669131194,519.412099713161,-0.0390769478582494,0,0,1
273.8456409401567,18747.85876548131,138.47698089079313,334.7751702245131,498.3164718643168,0.7263775555107927,0,0,1
273.9456576096016,18761.555830789268,137.82680478135302,319.98258182598136,517.0005813546663,0.1197035463421665,0,0,1
274.0456742790465,18775.25789776432,137.43770263988517,323.6478400798878,585.3868826385302,-0.2630592772251435,0,0,1
274.14569094849145,18788.964966406445,137.53613400436382,335.0150277998046,620.7532280147311,0.975376839751233,0,0,1
274.2457076179363,18802.677036715653,137.16636847761163,328.0801673851694,581.5155152777861,1.0303973380544036,0,0,1
274.34572428738124,18816.39410869195,137.73100165820912,331.85878534274394,843.0237272007399,0.8154351875663242,1,0,1
274.44574095682617,18830.11618233533,134.6933104007188,337.70080881202995,580.1300558651403,0.4394787698389382,0,0,1
274.54575762627104,18843.84325764579,136.97627135406572,323.985553673118,561.0990727078437,-0.0606533565257564,0,0,1
274.645774295716,18857.57533462334,137.56420908277477,326.96800574061143,590.4345232341437,0.002970084921804,0,0,1
274.7457909651609,18871.31241326797,136.22188139896093,326.11244459186173,434.20485144860896,0.0738712811379509,0,0,1
274.84580763460576,18885.05449357968,137.80922713511444,317.7116157410442,560.2540310937953,0.4714909523398335,0,0,1
274.9458243040507,18898.80157555848,137.26844093103924,325.9425984116252,502.0097056500515,1.1161185914514435,0,0,1
275.0458409734956,18912.55365920436,139.2783961850633,331.9098950342529,611.9577847030839,1.147253243238458,0,0,1
275.1458576429405,18926.31074451732,139.1459485466851,330.2175334733553,546.011944068042,-0.2098673236527308,0,0,1
275.2458743123854,18940.072831497368,137.15713158707453,330.6200032781786,554.4745212699992,0.2293109573416132,0,0,1
275.34589098183034,18953.8399201445,137.52210777934846,325.6570441949856,477.231284663001,0.2227611746867954,0,0,1
275.4459076512752,18967.612010458703,137.6490062600292,324.2641045850993,602.8845380536515,-0.680530356951382,0,0,1
275.54592432072013,18981.389102440007,137.32130268420045,333.9008707915651,582.9678682693502,0.8620899234657804,0,0,1
275.64594099016506,18995.171196088388,138.01799547911065,325.07800836722816,579.0076781679948,0.4692625560769584,0,0,1
275.7459576596099,19008.958291403847,137.11469676091738,329.0450059599271,510.0683160980496,0.5185567783691847,0,0,1
275.84597432905485,19022.7503883864,136.7923718295899,328.4012708362932,511.5969936930935,1.2420192821687843,0,0,1
275.9459909984998,19036.54748703603,138.59570672315016,334.90318418113554,561.0188381917964,0.6477218426033927,0,0,1
276.04600766794465,19050.34958735274,138.65253341819414,332.4616625551563,514.6741765008211,0.389315393546792,0,0,1
276.1460243373896,19064.156689336534,137.2686964090348,321.1383093304034,570.7043284234883,0.8640728658420584,0,0,1
276.2460410068345,19077.968792987424,139.01837593417986,321.68683826680825,440.4749848790378,1.141323238991134,0,0,1
276.3460576762794,19091.78589830538,137.54145110897434,330.5291548579736,523.7046730950563,0.731443758741276,0,0,1
276.4460743457243,19105.608005290436,138.47620241090013,327.3229191976766,637.4812109741109,0.9458262932998128,0,0,1
276.5460910151692,19119.435113942563,139.09338952019706,325.3787501817481,569.1798164987179,0.5405896424492781,0,0,1
276.6461076846141,19133.267224261774,138.28944127760334,332.7427501884337,555.1075460499437,0.5566666986603979,0,0,1
276.746124354059,19147.104336248078,138.82780308917066,328.61190934585045,645.59187737955,0.6646350588409519,0,0,1
276.84614102350395,19160.946449901458,137.9066408678644,327.9469010367976,429.0959071966493,0.2136377787469704,0,0,1
276.9461576929488,19174.79356522192,138.2766122630463,331.5937589730701,504.69141942645626,0.3133156546769034,0,0,1
277.04617436239374,19188.64568220947,138.31722775031653,325.82907246152155,524.9620528165085,1.287075228038603,0,0,1
277.14619103183867,19202.502800864106,137.8265171693791,335.5572140305466,871.2795583978763,1.5926373220250554,1,1,-1
277.24620770128354,19216.364921185814,138.44632968752595,323.7843826539633,587.9320485509663,1.3967476904394411,0,0,1
277.34622437072846,19230.232043174616,137.1244938865005,331.0192677687833,500.4136771301493,-0.0863161085278981,0,0,1
277.4462410401734,19244.104166830497,138.2319667729446,334.91378829731656,593.1768589691422,-0.1134485686368798,0,0,1
277.54625770961826,19257.981292153458,138.48825336143946,320.8681483246013,413.8833677164653,0.006111997666951,1,0,1
277.6462743790632,19271.86341914351,138.56695743703622,326.04795155864406,602.9924278755504,0.6701984570189815,0,0,1
277.7462910485081,19285.75054780065,138.63164807838328,333.4856660692786,490.3444845791811,-0.8000910254389524,0,0,1
277.846307717953,19299.642678124856,138.86138965911636,333.57085351045043,535.3775594048736,0.3143856937394569,0,0,1
277.9463243873979,19313.539810116155,139.45260371178503,326.9371544367985,516.601640165437,1.324079901566085,0,0,1
278.04634105684283,19327.441943774546,139.89768760255393,324.1312786373,593.4787375145219,1.120709827336834,0,0,1
278.1463577262877,19341.3490791,138.42341363629558,332.5943148842826,514.105717258711,0.3456546663903134,0,0,1
278.24637439573263,19355.261216092556,137.91998634247716,333.7423829524813,537.6902566591723,0.3737771809295368,0,0,1
278.3463910651776,19369.178354752188,138.13115112034566,322.0113223639558,564.7215036109776,0.8781486198195394,0,0,1
278.4464077346224,19383.1004950789,138.7360009461163,321.8250725286304,566.2124538161091,1.0739531983977366,0,0,1
278.5464244040673,19397.0276370727,138.92129088421717,328.98092585032475,582.8661010181615,0.3433995402605081,0,0,1
278.6464410735123,19410.95978073359,138.5532244705587,331.0114472744957,548.6439952331884,0.4855531308440231,0,0,1
278.74645774295715,19424.89692606155,138.07711220722868,326.3793003481454,516.744940864419,0.3104784791988764,0,0,1
278.8464744124021,19438.839073056603,138.96711637872684,331.281116541152,519.742423813403,-0.0548012869807551,0,0,1
278.946491081847,19452.786221718736,139.65467216103747,324.34396607399776,538.0812952348178,0.5147135655078295,0,0,1
279.04650775129187,19466.73837204795,140.1182833414815,317.3311827797605,548.847965336332,0.4860057227307828,0,0,1
279.1465244207368,19480.69552404425,139.01583915726007,325.79514708041074,528.580764588577,-0.0184849498447502,0,0,1
279.2465410901817,19494.65767770764,139.21027272294742,328.24081484158364,536.4708665932251,0.9387353602520636,0,0,1
279.3465577596266,19508.6248330381,138.746580570966,326.55545597648035,459.2196939214257,0.8481870573885469,0,0,1
279.4465744290715,19522.59699003565,139.691848044161,322.15164112460974,568.0221851447732,0.973193652895364,0,0,1
279.54659109851644,19536.57414870029,138.9248669150674,318.8764142304576,326.9093233463784,0.2260036003913415,1,1,-1
279.6466077679613,19550.556309032,140.39643169722186,325.39421675495663,583.8930361481478,-0.3521344258640196,0,0,1
279.74662443740624,19564.543471030804,138.087445726769,332.4629413019893,533.3806008711709,0.8273485126754219,0,0,1
279.8466411068512,19578.53563469669,139.56369088097313,334.2656513077535,446.0260980767319,0.2907006208920419,0,0,1
279.94665777629604,19592.53280002965,140.27443622733975,333.9332326983219,514.5974102386592,0.1918213969094453,0,0,1
280.04667444574096,19606.534967029707,140.20717173919297,323.92511976883134,522.097307175515,0.0072549714112372,0,0,1
280.1466911151859,19620.542135696844,142.76637922157343,322.24613749336675,568.8133928841528,0.5520886449809919,0,0,1
280.2467077846308,19634.554306031056,140.4731539168833,330.50784385336254,391.5990181433976,1.429892009103447,1,0,1
280.3467244540757,19648.57147803236,139.16930763019585,331.2101725033972,532.8770728931568,0.3621557211072694,0,0,1
280.4467411235206,19662.593651700747,140.12790631467124,330.04552213835456,556.0773024433101,0.0892639384254494,0,0,1
280.5467577929655,19676.620827036208,138.4971325630163,317.9843594081077,496.89493156256776,0.927606772445544,0,0,1
280.6467744624104,19690.65300403876,140.24278748190844,323.7302545218237,533.2768497839596,0.7229148460934572,0,0,1
280.74679113185533,19704.6901827084,139.5403395089269,327.92623516175564,497.7700863242023,-0.4373623094337082,0,0,1
280.8468078013002,19718.732363045117,141.33879417621026,330.5207717532822,492.2200663602016,0.9903867053183056,0,0,1
280.9468244707451,19732.77954504892,139.92387196077703,331.93121926008695,507.8548602341933,1.6942546287190017,0,0,1
281.04684114019005,19746.831728719808,140.4066546542998,328.8259517254292,492.3187310462375,-0.6604048730754102,0,0,1
281.1468578096349,19760.88891405777,139.93787106341307,329.7686048136547,561.6120621340202,0.012451413854816,0,0,1
281.24687447907985,19774.951101062823,142.36228859139325,328.5490147397135,490.2617062315487,-0.7432690105374135,0,0,1
281.3468911485248,19789.01828973496,140.35220280814448,331.56278598594486,481.4422906554621,0.6010946806102251,0,0,1
281.44690781796965,19803.090480074177,142.55601095246402,329.7090190392516,614.5630524129472,1.1803739198558918,0,0,1
281.54692448741457,19817.16767208048,141.58761400582554,328.4833807489779,573.782784584215,0.7172072898152662,0,0,1
281.6469411568595,19831.24986575387,141.30553730576514,326.82285011999903,432.2496174716032,1.3545130787474848,0,0,1
281.7469578263044,19845.33706109433,141.2422120604697,328.58115290784286,486.6667088437847,1.0724623242060338,0,0,1
281.8469744957493,19859.42925810189,141.3172845460909,330.6076543437713,536.6084458056994,1.5098354883823677,0,0,1
281.9469911651942,19873.52645677653,139.0458230032515,329.5320760610097,540.2535602468174,1.192536139625625,0,0,1
282.0470078346391,19887.628657118243,140.74462052316878,330.1088328751902,449.12200877804,0.4453543458036388,0,0,1
282.147024504084,19901.73585912705,141.91867022322634,334.92831175716435,597.1934738047253,0.7048479075802764,1,0,1
282.24704117352894,19915.848062802936,141.07462340329036,329.55052373108583,564.070568851959,0.2193443673012675,0,0,1
282.34705784297387,19929.96526814591,139.76833907468335,324.9897131819316,546.4862796071925,0.5115477642955994,0,0,1
282.44707451241874,19944.08747515596,141.1711328056319,332.6627413812127,589.8098070949355,0.6866148917748648,0,0,1
282.54709118186366,19958.214683833092,142.9776511071873,321.4237174298418,544.1704009163939,0.6519092969786278,0,0,1
282.6471078513086,19972.34689417732,142.57044564118902,322.85764388143446,543.5677978860465,1.356620309541502,0,0,1
282.74712452075346,19986.48410618861,141.3115582510107,329.95394877567566,598.6059037901972,0.4935575803508516,0,0,1
282.8471411901984,20000.62631986701,142.37501987215728,330.86669745795274,575.3664388842758,0.2152258196327838,0,0,1
282.9471578596433,20014.77353521248,141.1070719094536,322.0694596684444,477.8139396576573,0.219554654731324,0,0,1
283.0471745290882,20028.925752225023,139.81971567771737,326.39063004797504,551.1332571322888,0.9554634345499808,0,0,1
283.1471911985331,20043.082970904667,140.649129611137,325.284299958755,485.8446231201281,-0.0567167322651367,0,0,1
283.24720786797803,20057.24519125139,143.18649270249722,325.8913391723898,543.8505943928435,0.5983538889911845,0,0,1
283.3472245374229,20071.41241326519,141.39961918688215,333.052711335107,542.0587247157171,1.3242423761768023,0,0,1
283.44724120686783,20085.58463694608,141.4802366240589,331.87725143842306,448.6401980378757,0.8084893196850141,0,0,1
283.5472578763128,20099.76186229405,141.4737907418815,328.2591148883627,511.3071289022648,0.6247515210231378,0,0,1
283.6472745457576,20113.9440893091,143.7277738624518,325.6349178190011,530.2484377000245,0.6929845199614011,0,0,1
283.7472912152025,20128.13131799124,143.49960452296335,321.6264807704196,494.7575850055948,0.1910823323109017,0,0,1
283.8473078846475,20142.323548340464,144.14243417577188,335.4856554823745,531.8944304255268,0.2916694703516127,0,0,1
283.94732455409235,20156.520780356765,141.81461706664612,331.3553019568338,556.040991358605,0.571678625551688,0,0,1
284.0473412235373,20170.723014040155,142.31929510051577,324.87138860198803,513.8039486871528,0.8157047378283534,0,0,1
284.1473578929822,20184.93024939063,140.5570363970703,332.0127332774227,526.1514050477307,1.117028840826738,0,0,1
284.24737456242707,20199.14248640818,143.6006217073318,328.0736193533696,583.6807941133548,0.7543882745062539,0,0,1
284.347391231872,20213.359725092814,141.00591606466807,326.99919159887554,537.7579077160003,1.3286375250176907,0,0,1
284.4474079013169,20227.581965444544,142.4404795144211,330.6207984315797,523.7281105401352,1.4852807645740849,0,0,1
284.5474245707618,20241.809207463342,141.17640975774805,324.74725120751253,465.3720734452611,1.0534430484808444,0,0,1
284.6474412402067,20256.041451149234,141.73485379336466,326.7459615264701,546.4168179738999,1.2800660043031136,0,0,1
284.74745790965164,20270.27869650221,141.5364665237761,329.0820511119629,528.9628181945702,0.1680196225194438,0,0,1
284.8474745790965,20284.520943522257,141.81586202887243,325.9874914934836,576.2324238113334,0.0946964645998321,0,0,1
284.94749124854144,20298.7681922094,141.93462292112173,331.84017517619174,513.9798385110888,0.9308115043632555,0,0,1
285.0475079179864,20313.020442563626,141.97548516406812,337.85008331019,420.4133731150606,0.0020917832690068,0,1,-1
285.14752458743123,20327.277694584925,143.40709620549592,324.74326179570744,425.811768750378,0.5586292739805561,0,0,1
285.24754125687616,20341.53994827332,141.51890783537556,320.1991276441674,547.1932914822271,1.0486017173085531,0,0,1
285.3475579263211,20355.807203628792,142.8943203901744,318.5260549552508,481.49134128263626,1.3992270077540585,0,0,1
285.447574595766,20370.07946065134,143.94174645018853,327.7924167521017,531.4315031058708,0.5886174369147416,0,0,1
285.5475912652109,20384.356719340984,142.26059926809205,325.2389361758902,514.8971684066173,0.3538330686380163,0,0,1
285.6476079346558,20398.63897969771,142.1058850765803,329.6040632988009,500.436299415371,0.8357158493523112,0,0,1
285.7476246041007,20412.92624172151,142.6432876768701,329.2377508205405,503.5532908659085,0.1503017651100421,0,0,1
285.8476412735456,20427.2185054124,144.1035458451335,320.56867989428406,464.6952777044751,0.6327215184926522,0,0,1
285.94765794299053,20441.51577077038,143.16793660244863,319.52034664689205,506.7695915290218,0.6945386795016818,0,0,1
286.0476746124354,20455.81803779543,142.4926230116101,330.08443366297405,477.92785229730265,0.6698167711094614,0,0,1
286.1476912818803,20470.12530648757,143.5577222921282,329.2919133017878,488.1340705796067,0.7514063256095822,0,0,1
286.24770795132525,20484.4375768468,142.0215618258262,326.49568080329976,490.1591414254673,0.25642347344346,0,0,1
286.3477246207701,20498.7548488731,143.855221820828,320.3490545364155,494.6019514077069,0.3502905628900456,0,0,1
286.44774129021505,20513.07712256649,143.6324779528093,331.0017304428465,551.6406328771254,0.3352584529203505,0,0,1
286.54775795966,20527.40439792697,142.9660705086911,335.0142735230857,498.6380873890101,-0.1159377019120666,0,0,1
286.64777462910484,20541.73667495452,142.48530151610518,330.0546896640051,555.9087378657108,0.8545655950870885,0,0,1
286.74779129854977,20556.073953649164,142.48721472699145,324.4374096770297,581.2126839203269,1.131020531935986,0,0,1
286.8478079679947,20570.41623401089,143.95872132034327,328.90754162465527,546.6638070969989,1.1142610390437724,0,0,1
286.9478246374396,20584.763516039693,144.70289282120885,321.8642120590755,530.2369621019598,0.6017070303304677,0,0,1
287.0478413068845,20599.115799735588,142.88661290641346,333.9945876998824,519.4524289831757,0.2868695577375431,0,0,1
287.1478579763294,20613.47308509856,144.0323156917162,329.1240074702806,545.9763592202669,1.089915848563356,0,0,1
287.2478746457743,20627.83537212861,141.53691030428507,319.88400290581126,506.7743877970189,0.9828472635987416,0,0,1
287.3478913152192,20642.20266082576,143.08932792695242,327.2314173293035,551.1330918477773,0.8055215782142066,0,0,1
287.44790798466414,20656.574951189985,143.69289505946116,331.0612983496375,532.2084598231727,1.5823176845340106,0,0,1
287.547924654109,20670.952243221287,142.86427891007267,327.08955436053327,483.1100375975002,0.6786717200340687,0,0,1
287.64794132355394,20685.334536919683,142.88746428698738,327.3853155251545,545.4938165317552,0.5639457820937591,0,0,1
287.74795799299886,20699.72183228516,143.20619944003056,322.65278476406354,504.8748052712631,0.4994721024422081,0,0,1
287.84797466244373,20714.114129317717,144.21618005954824,331.61750240165264,494.5940573368287,-0.0585385397289202,0,0,1
287.94799133188866,20728.511428017355,143.78666664753794,325.5524531330932,475.6908724856648,1.042924317836596,0,0,1
288.0480080013336,20742.913728384083,141.78577276734185,318.0225739151082,507.402265474648,0.6159137346568571,0,0,1
288.14802467077845,20757.321030417887,141.95331218275416,326.9585156137259,548.5252659582393,0.9271890958859188,0,0,1
288.2480413402234,20771.73333411878,143.51715549225452,333.73055271187405,542.7502668497125,1.6271929875101296,0,0,1
288.3480580096683,20786.15063948676,144.6317155908877,326.9001585679671,515.5744068459177,0.5359545630608554,0,0,1
288.4480746791132,20800.572946521814,141.47653249683134,337.53473239352894,527.4886681774133,-0.5068923484676785,0,1,-1
288.5480913485581,20815.00025522396,143.7743154981274,330.9996488775984,560.6934133958102,0.9525136568067188,0,0,1
288.64810801800303,20829.432565593183,143.7978061524841,330.55860161320214,489.2126651952408,0.7959329048653758,0,0,1
288.7481246874479,20843.86987762949,145.7624001219324,328.2328211391567,440.5427035124107,0.3912564745065615,0,0,1
288.8481413568928,20858.312191332883,144.03904886673354,328.54338309686784,560.9732379796806,0.9165430363036,0,0,1
288.9481580263377,20872.75950670336,144.8570679979098,327.5776976270363,469.0311919436032,1.1295333007610946,0,0,1
289.0481746957826,20887.21182374092,144.6653444879788,327.3934705091656,460.60687479095225,0.2587929026530837,0,0,1
289.14819136522755,20901.669142445564,142.44352920280656,331.5691549468585,404.9178865893177,0.5320817004501819,0,0,1
289.2482080346725,20916.13146281729,145.39231123396797,324.2456646545144,522.8962371435186,1.4872201426130327,0,0,1
289.34822470411734,20930.59878485609,144.88950885751495,323.55535332679045,412.8640798649864,0.3764184515554811,0,0,1
289.44824137356227,20945.07110856199,145.23238932645572,323.32884888297934,456.0287135402155,0.7784687351771208,0,0,1
289.5482580430072,20959.54843393497,148.70036672793992,339.1830985426865,522.5587524547508,-0.4833162883375012,0,1,-1
289.64827471245206,20974.030760975023,142.74002441672744,331.6165419795981,528.8485498728842,-0.0517465785424866,0,0,1
289.748291381897,20988.51808968217,146.5988423407096,330.49729014659044,459.7731698317768,0.8560591692117893,0,0,1
289.8483080513419,21003.0104200564,144.6367065062706,323.6972574536671,485.2569160977321,1.3454382050565823,0,0,1
289.9483247207868,21017.507752097703,145.2614912647964,332.1115439754528,430.181628080754,0.0647929604364461,1,0,1
290.0483413902317,21032.0100858061,144.97865844981462,328.4219774067565,463.758098101195,0.7765603158819718,0,0,1
290.14835805967664,21046.51742118158,144.64994269644026,330.08568051162644,504.0958498355165,0.5438873561816774,0,0,1
290.2483747291215,21061.029758224136,144.554354436322,324.1417358935944,465.3102164313647,1.2061115110684233,0,0,1
290.34839139856643,21075.54709693378,145.50370443485622,329.83618342694456,477.7895758616127,0.142534006286235,0,0,1
290.44840806801136,21090.06943731051,143.707030337334,326.9256731157687,416.3730849935124,0.9255159637100776,0,0,1
290.54842473745623,21104.59677935432,146.0247915362499,325.2267866885947,545.8646319725734,0.4368113300403026,0,0,1
290.6484414069012,21119.129123065213,144.90802629856532,332.7353758197264,514.3288712518714,0.8491737376519208,0,0,1
290.7484580763461,21133.666468443196,144.2441596991327,321.3863067649846,528.0798409989022,0.7569977719573542,0,0,1
290.8484747457909,21148.208815488248,144.97422451489967,331.90872879614983,552.5651821539778,0.6132867458637126,0,0,1
290.9484914152359,21162.7561642004,146.73139492448053,332.51727980928854,446.3929281142061,1.0193838552614327,0,0,1
291.0485080846808,21177.30851457963,144.98891895532418,324.70663243071186,469.3438159108096,0.7613407357967983,0,0,1
291.1485247541257,21191.865866625933,145.93271599527245,325.01321016975027,392.13210180647695,0.6950827735833046,0,0,1
291.2485414235706,21206.42822033933,144.89331443606983,328.009725736025,643.5055575172299,0.5591086440603047,0,0,1
291.3485580930155,21220.99557571981,146.4322008964314,330.54503686161263,478.6160495266293,0.8121193744238178,0,0,1
291.4485747624604,21235.567932767368,146.4097951200204,328.3805825171749,537.6429247733687,0.8838080149962317,0,0,1
291.5485914319053,21250.14529148201,147.62290454924909,331.32267144414993,423.4099980018139,0.307543849111589,0,0,1
291.64860810135025,21264.727651863745,145.6487401051759,337.979759072822,534.7493126488333,0.5800859584279436,0,0,1
291.7486247707951,21279.31501391255,146.54296719015548,326.6362786313309,577.421581805887,0.248371076213261,0,0,1
291.84864144024004,21293.90737762845,146.02238825965895,320.6089642905069,481.14045733904095,0.7436772412695105,0,0,1
291.94865810968497,21308.504743011432,147.2702008367055,333.3244837261218,433.2231867402016,0.4973331181865432,0,0,1
292.04867477912984,21323.107110061486,145.3055050019562,337.6214403575507,476.44051801594014,1.1322195610362675,0,0,1
292.1486914485748,21337.714478778635,146.8193510371647,331.1787109601131,371.65564777547047,1.1189555066246044,0,0,1
292.2487081180197,21352.326849162862,145.92965676289316,323.7861274350336,480.71308415141885,0.3000396026736097,0,0,1
292.34872478746456,21366.944221214173,146.1101742166238,328.61541066257047,523.2697803190869,0.7645203115757816,0,0,1
292.4487414569095,21381.56659493257,146.3161232129031,323.6522567246328,480.0478540103143,1.089815430869168,0,0,1
292.5487581263544,21396.19397031805,146.5266194596039,332.4691532824502,467.2433798477994,0.6879192397690684,0,0,1
292.6487747957993,21410.82634737061,146.20815835477768,322.5084254660878,507.443692972088,0.403885429922302,0,0,1
292.7487914652442,21425.46372609026,146.58910891579262,327.7742352123834,510.8817670826554,0.2308657311046207,0,0,1
292.84880813468914,21440.106106476997,148.00252212490676,324.2631916819994,397.3007919167332,1.2386035329649754,0,0,1
292.948824804134,21454.7534885308,147.4598620876822,329.9290059060882,484.3530709547365,1.2494796742372891,0,0,1
293.04884147357893,21469.4058722517,147.39357532928636,327.4731757616691,601.3273390971176,0.6925308550583722,0,0,1
293.14885814302386,21484.06325763968,146.11888954548806,330.19869633055373,412.39373764842696,1.148948926690305,0,0,1
293.2488748124687,21498.72564469474,145.73519657800605,329.4366402560787,474.4903820891191,-0.7257596119491759,0,0,1
293.34889148191365,21513.393033416887,147.62974629919458,324.4015940095708,575.4657101427265,1.4660600634423,0,0,1
293.4489081513586,21528.06542380612,147.60050086820908,332.47927613278097,533.2045484409686,0.7230930487216424,0,0,1
293.5489248208035,21542.74281586244,148.24713308615273,329.11106422286474,451.9436491679455,0.8884310639072961,0,0,1
293.6489414902484,21557.42520958583,146.22049011915496,324.4222491096954,487.5382505554044,0.6080277311502476,0,0,1
293.7489581596933,21572.11260497631,146.6449304244863,340.5795285969984,476.7442014725581,1.4762578162232227,0,0,1
293.8489748291382,21586.80500203388,145.28500325204368,331.7670483164994,439.0648044388731,0.2159868322310959,0,0,1
293.9489914985831,21601.50240075852,146.58202464323068,328.62859638286176,472.3747035049208,1.5141281629731924,0,0,1
294.049008168028,21616.20480115025,148.02107459459347,336.48092345031193,461.7082212613513,1.0100645789040823,0,0,1
294.1490248374729,21630.91220320907,146.60801703950827,338.62398053068034,480.9634983813216,1.0888521335915535,0,0,1
294.2490415069178,21645.62460693496,147.76500054865974,328.69815703912235,437.52672032885647,0.6410043099445427,0,0,1
294.34905817636275,21660.342012327947,146.98402598218357,331.17189324981007,410.73510130382505,0.1324525882186913,0,0,1
294.4490748458077,21675.06441938801,147.5485944511254,324.50489339456607,472.122408422619,1.2655489918334584,0,0,1
294.54909151525254,21689.791828115154,146.1268543678106,328.7189453976852,559.5630973578836,0.9217727460896952,0,0,1
294.64910818469747,21704.524238509388,147.40976354198264,328.4695980496704,477.5383754565109,1.4777113943743667,0,0,1
294.7491248541424,21719.261650570705,144.38342645617047,330.3990476535225,456.4698859863264,0.628795997982719,0,0,1
294.84914152358726,21734.004064299097,147.23767460363166,331.1487165455438,510.37551382704805,0.5830926679497767,0,0,1
294.9491581930322,21748.751479694583,145.84410585280096,332.2940580634435,464.3771941980344,1.4534455847540348,0,0,1
295.0491748624771,21763.50389675715,148.73058194778537,330.6931307677475,565.3170746968681,1.78559715578116,0,0,1
295.149191531922,21778.26131548679,148.3520031187255,323.46120602004635,471.3423587318589,0.8248308794794978,0,0,1
295.2492082013669,21793.02373588353,148.09127508264953,324.83258529143126,506.185694987167,0.437290404105389,0,0,1
295.34922487081184,21807.791157947344,149.1956186625653,326.8028843897628,433.0537819857354,1.2466934099108706,0,0,1
295.4492415402567,21822.56358167824,146.77570424930352,328.1337211944096,495.5619244506085,0.6545320924820156,0,0,1
295.54925820970163,21837.341007076226,149.52199230276636,334.8087972733307,483.7858974705095,1.1494031157355875,0,0,1
295.64927487914656,21852.12343414129,148.75682900383367,323.7502325536501,466.8299801502053,0.7006733948940205,0,0,1
295.74929154859143,21866.910862873432,147.63809048707677,327.78785391400567,363.1002579818178,1.5844944927656448,1,0,1
295.8493082180364,21881.70329327267,149.06027425620113,334.3499783128739,437.0028054186001,0.4882420349163719,0,0,1
295.9493248874813,21896.50072533899,146.868368931329,328.09554511626504,482.64691097762767,1.0240369785177834,0,0,1
296.0493415569261,21911.30315907238,147.2001566169354,331.9070124049067,499.6014972996268,0.5474459048131295,0,0,1
296.1493582263711,21926.110594472862,147.46608938994584,328.9172256079976,461.421965755075,0.6575219965066552,0,0,1
296.249374895816,21940.923031540435,147.59570973984398,330.9088537762052,481.7693652599013,0.595420162530197,0,0,1
296.3493915652609,21955.74047027508,147.11813813987018,328.4925764374784,465.1363973708777,1.1591112185569818,0,0,1
296.4494082347058,21970.562910676814,149.44778718444823,332.9802681871124,471.5848939966783,1.307050579169636,0,0,1
296.5494249041507,21985.39035274563,148.01585805170552,321.9296604533829,456.26310385253447,1.090669348725462,0,0,1
296.6494415735956,22000.22279648153,148.67722575515467,327.8483841154168,466.8110407119388,0.774315271301491,0,0,1
296.7494582430405,22015.060241884512,147.80437775510657,331.15780920777564,600.4417916249013,0.8766663214900395,0,0,1
296.84947491248545,22029.902688954586,146.6041341556942,332.35342373127946,480.7491388097157,1.226287863416326,0,0,1
296.9494915819303,22044.750137691724,148.74480314935658,337.1597122719622,497.0602246826391,1.2946641267746166,0,0,1
297.04950825137524,22059.60258809596,146.61249915026784,327.74982749080965,486.3248074874722,-0.5675104887554665,0,0,1
297.14952492082017,22074.460040167283,148.50612841432462,337.1123613013864,450.9113338464337,0.6879005576939068,0,0,1
297.24954159026504,22089.32249390568,147.25645575629972,326.4298350257281,528.3804805585203,0.6810355428949827,0,0,1
297.34955825971,22104.189949311163,150.6620551290858,336.3781878836942,448.7519731100815,1.2140504635136455,0,0,1
297.4495749291549,22119.06240638373,149.63615018675216,333.83229312640736,515.6923274333714,0.8193198956767105,0,0,1
297.54959159859976,22133.93986512338,148.88054959057135,325.1876662616989,445.8589848179118,1.19302582669013,0,0,1
297.6496082680447,22148.822325530116,150.08851081167705,331.30015701306354,414.2007396421186,0.3250772427981739,0,0,1
297.7496249374896,22163.709787603933,148.02849649127907,329.518783316088,480.0995027954536,0.9421402021780684,0,0,1
297.8496416069345,22178.60225134483,149.46830018213734,332.91288712906845,406.2268970324294,1.2984974862979943,0,0,1
297.9496582763794,22193.499716752816,149.1746395719084,328.6786078854714,487.8732439753424,0.1037024624560807,0,0,1
298.04967494582434,22208.40218382789,149.28885755424585,328.2687363662738,401.0145130037188,2.100626845364234,0,0,1
298.1496916152692,22223.30965257003,150.34719930774136,336.6604420753412,444.403552329108,1.4665986872139742,0,0,1
298.24970828471413,22238.22212297927,149.85734624513688,329.33136635619303,388.399271795759,0.8590886563201077,0,0,1
298.34972495415906,22253.13959505559,149.46358613990455,333.96708411637474,600.8262043504327,0.4340697879079372,0,0,1
298.4497416236039,22268.062068798987,147.56998337557366,328.7182167371394,376.55226741129934,0.7132749264424657,0,0,1
298.54975829304885,22282.989544209475,148.31483285124497,338.1882921254425,459.3736179419245,0.8611310343666598,0,0,1
298.6497749624938,22297.92202128704,149.20217854765116,326.4733043495719,515.6811239516053,1.0619263770964569,0,0,1
298.74979163193865,22312.85950003169,149.46826819024596,326.804261506958,509.9684785254957,1.598724264324756,0,0,1
298.8498083013836,22327.801980443423,148.29470042601787,337.5075667357179,500.3498553790967,0.5806786376075154,0,0,1
298.9498249708285,22342.74946252225,151.88658916099268,327.6702505426066,441.5551891123214,1.193517629689617,0,0,1
299.04984164027337,22357.701946268146,151.04131487539027,337.9103556948493,524.6052079374525,0.2432501966569702,0,1,-1
299.1498583097183,22372.65943168113,150.17704747525164,334.3741887289459,502.3547598679495,0.6599122248660242,0,0,1
299.2498749791632,22387.621918761204,149.69697435086536,329.15173896511214,466.9349232940997,1.0426299928959188,0,0,1
299.3498916486081,22402.589407508352,149.4627368544029,320.868521804775,467.9840095227925,1.193883321785388,0,0,1
299.449908318053,22417.56189792259,148.77303569900428,329.8483993104461,440.3941603895733,0.4541036856972282,0,0,1
299.54992498749795,22432.539390003916,149.85244301226783,330.4631427664169,409.7433042875888,0.6378893355949636,0,0,1
299.6499416569428,22447.52188375231,150.08272336861415,335.80108283221614,516.7193586038098,1.5945354427454266,0,0,1
299.74995832638774,22462.5093791678,148.63321858771224,337.9172317138393,520.1084049692189,1.40815485620696,0,0,1
299.84997499583267,22477.501876250368,150.25916391516122,326.5600616038645,409.9290346726373,0.9730832731736322,0,0,1
299.94999166527754,22492.499375000018,149.81973678381402,334.0009079864687,446.0820106448116,-0.2608829620972239,0,0,1
300.05000833472246,22507.501875416758,148.11719660948384,333.832011613539,446.2371757676186,2.06987867137677,0,0,1
300.1500250041674,22522.509377500577,149.2146274913042,335.3820660124689,451.41289937009566,0.8319464444684668,0,0,1
300.25004167361226,22537.52188125148,149.71141530338448,332.51845372803893,455.8980864989704,0.6983602336077768,0,0,1
300.3500583430572,22552.539386669465,152.0627168288688,320.32251737949684,499.6643534783316,0.6557682196889483,0,0,1
300.4500750125021,22567.561893754537,150.78159063078482,329.2678953386114,414.59864238027103,1.0707627562650712,0,0,1
300.550091681947,22582.589402506685,148.9395642718736,324.27647129361014,409.2806749881035,1.0282182114106049,0,0,1
300.6501083513919,22597.621912925923,150.81109046511358,329.05198197054887,513.0678175491295,1.3586731527679363,0,0,1
300.75012502083683,22612.659425012247,148.82775852148006,334.9750336827531,427.7436881140347,0.3690694674192579,0,0,1
300.8501416902817,22627.701938765644,151.5077618990279,331.61076834840304,387.363540952184,0.7456878888628629,0,0,1
300.95015835972663,22642.74945418613,150.00395452804543,335.83547016795984,425.8984833749282,1.87748361788744,0,0,1
301.0501750291716,22657.801971273708,150.4314513258466,331.8137871064849,433.2923037618661,0.9856576400461696,0,0,1
301.1501916986164,22672.85949002836,151.9008924968504,323.6233894715171,527.1833249192565,0.8262884298614719,0,0,1
301.2502083680613,22687.922010450096,149.33794061544643,317.52078580394243,495.3170348951465,0.37424968178381,0,1,-1
301.3502250375063,22702.98953253892,149.27799433364015,330.8790663121486,506.0925783555688,1.096495041999894,0,0,1
301.45024170695115,22718.062056294817,150.14152152712956,329.0753918389393,489.3563401632992,1.3812962381009095,0,0,1
301.5502583763961,22733.13958171781,151.81350803921734,325.2702971407302,495.3112391933185,1.3474765700303153,0,0,1
301.650275045841,22748.22210880788,149.30579144744365,321.6618912563272,413.2366336651377,0.7148369629098407,0,0,1
301.75029171528587,22763.30963756503,148.04299025953236,326.50131310416504,437.35260319369,0.9930981626725004,0,0,1
301.8503083847308,22778.402167989272,150.4739953339564,329.21257341414923,397.42920263379153,1.7103079407598325,0,0,1
301.9503250541757,22793.4997000806,151.5269033269988,333.5244216239495,436.04311020908494,1.4378911033756228,0,0,1
302.0503417236206,22808.602233838992,152.22543261154914,331.148189580202,480.4155906321558,0.5293051167367568,0,0,1
302.1503583930655,22823.70976926449,150.61201783444736,338.2553720751702,452.5826203453619,-0.3948964454120093,0,1,-1
302.25037506251044,22838.82230635706,150.71376092413922,325.0470172260241,511.07089751346143,1.029174096168067,0,0,1
302.3503917319553,22853.939845116707,152.3290966002334,334.6403336334827,388.0697526278495,1.323506786086995,0,0,1
302.45040840140024,22869.06238554345,149.3554625010047,330.48153455578364,469.79643043283534,0.300894133511127,0,0,1
302.5504250708452,22884.189927637275,150.8866917602396,333.7283881276774,382.013628220185,0.8809658049667085,0,0,1
302.65044174029003,22899.322471398173,151.51564476007007,328.0824698577013,448.7821317173227,0.7702977031311963,0,0,1
302.75045840973496,22914.460016826164,151.82444792615252,335.6334477104265,480.7348036331459,0.962622087175242,0,0,1
302.8504750791799,22929.60256392124,150.91543084639906,331.76117129964416,432.6381124850958,0.6137741387827629,0,0,1
302.9504917486248,22944.75011268339,151.50968688601822,326.89782425027374,470.5649631987366,1.5472425709471227,0,0,1
303.0505084180697,22959.902663112636,149.03692685562186,330.24493069724105,394.6676920408965,0.9113787139353704,0,0,1
303.1505250875146,22975.06021520896,150.91701413142346,329.117273214066,359.11576905410766,0.4466558182879817,0,0,1
303.2505417569595,22990.222768972355,152.07877959103422,332.7709459288849,469.79799143626826,1.376116656944998,0,0,1
303.3505584264044,23005.390324402848,150.6929851789475,324.43617209576786,528.7935473037031,0.2481459188680692,0,0,1
303.45057509584933,23020.562881500424,151.78427176951428,330.19829899900645,391.4375965932482,1.551638779427774,0,0,1
303.5505917652942,23035.740440265075,152.2221683834498,332.3315954397761,501.9966430965787,1.4168270004689931,0,0,1
303.6506084347391,23050.923000696817,151.4827550165118,330.53017737943907,442.7054772832877,1.5961509925016235,0,0,1
303.75062510418405,23066.11056279564,152.0457763230886,337.10976873236336,373.3973855450172,0.837363872276449,0,0,1
303.8506417736289,23081.303126561543,150.96258832152984,334.2551780477182,383.2546331596664,0.6393162820643845,0,0,1
303.95065844307385,23096.500691994534,151.7687179418409,330.3576618606037,440.267355077914,0.9509817893811516,0,0,1
304.0506751125188,23111.70325909461,152.6355537258486,331.48851299874025,418.9035015560716,0.8904284376304594,0,0,1
304.15069178196364,23126.91082786176,152.23231885195025,331.89339693560635,373.12974779151335,0.5952065428490194,0,0,1
304.25070845140857,23142.123398296004,151.53882295614034,332.44156886597494,353.72249415520093,0.6259588819270356,0,0,1
304.3507251208535,23157.34097039733,152.3995789647175,321.3067825337623,395.737834092414,0.7429685397672353,0,0,1
304.4507417902984,23172.56354416573,152.9399806857858,328.9374427001831,447.4138736382899,0.3560718813813796,0,0,1
304.5507584597433,23187.791119601225,150.22543795129417,323.0328805050072,437.05328856098174,1.206956038892081,0,0,1
304.6507751291882,23203.0236967038,153.48446162955,336.85648225021623,411.9616112978127,0.9301433768835872,0,0,1
304.75079179863314,23218.261275473466,152.0391411606355,330.17083157984865,446.7683316573845,0.7621172622767484,0,0,1
304.850808468078,23233.5038559102,152.85089416727925,329.5183760984097,488.3260502704761,0.38342456746068,0,0,1
304.95082513752294,23248.751438014024,153.6726594924067,334.9790691739185,455.6820614745181,0.3814094334222843,0,0,1
305.05084180696787,23264.00402178493,151.15374720625346,332.6167081679461,429.561603176318,1.8604153923707625,0,0,1
305.15085847641274,23279.26160722292,151.8659882357788,324.8719132757452,481.6822167660934,0.5979755079358393,0,0,1
305.25087514585766,23294.524194327994,152.33688887705313,330.17056070194894,386.93795968071805,1.229700388051954,0,0,1
305.3508918153026,23309.79178310016,151.89169238652687,328.85925431539835,423.3366346205662,0.9936183303783503,0,0,1
305.45090848474746,23325.064373539397,154.46039081821053,321.82242640544445,424.1806298507368,-0.4035516226118087,0,1,-1
305.5509251541924,23340.34196564572,151.9186904832694,327.1037113492332,372.04005674412616,1.8092588867219088,0,0,1
305.6509418236373,23355.62455941913,152.2699241323318,329.64739257228143,412.54698236830495,1.264644934564742,0,0,1
305.7509584930822,23370.912154859616,153.07986827814406,330.00034119184903,329.4459548125809,0.5611305453792557,0,0,1
305.8509751625271,23386.204751967198,151.72333805518747,323.17394039786615,528.4563669518901,0.8935611358361868,0,0,1
305.95099183197203,23401.502350741852,152.57981520422976,336.35342709843457,385.63057797307926,0.3565185715262803,0,0,1
306.0510085014169,23416.80495118359,153.34295751195862,330.0945855556845,511.461053685229,1.86542904034104,0,0,1
306.15102517086183,23432.11255329242,152.7426521810484,330.802867900389,433.7139287910595,0.4817759166770965,0,0,1
306.25104184030675,23447.42515706833,153.03213406125343,332.6283123757298,459.7075429541718,0.682094188668883,0,0,1
306.3510585097516,23462.74276251132,152.64619714242744,326.6947245814568,406.679255499375,0.5681599274240376,0,0,1
306.4510751791965,23478.0653696214,151.7110672804175,332.9268873835832,441.1709150938799,0.9476026557352508,0,0,1
306.5510918486415,23493.392978398555,153.59713913565997,328.81973595477325,462.9543733616642,1.6446230697665556,0,0,1
306.65110851808635,23508.725588842797,155.0804873306904,326.18218314857273,463.3132485153913,1.896680993024539,0,0,1
306.7511251875313,23524.06320095412,153.39396422454908,333.5423499855301,468.4803090794304,0.7542514237435117,0,0,1
306.8511418569762,23539.40581473253,153.65083504573565,338.1434834797067,410.9812909801494,1.1501091771967529,0,0,1
306.95115852642107,23554.753430178014,154.16830201832738,334.31926272007126,405.0365046702517,1.0166256680574206,0,0,1
307.051175195866,23570.1060472906,152.2562571013863,335.3200053452888,349.002508530592,0.4314245060872865,0,0,1
307.1511918653109,23585.46366607026,155.27811059078508,328.11196615371955,454.5293863187155,2.219044961326582,0,0,1
307.2512085347558,23600.826286517,153.82793306380069,322.7370222076333,262.2108741929569,1.6473688007440006,1,0,1
307.3512252042007,23616.193908630827,155.30746950118947,338.18581013091926,508.4825642098767,1.1031849648346597,0,0,1
307.45124187364564,23631.56653241174,152.99258794129884,341.01769863438835,442.6000449927028,1.7334739362996128,0,0,1
307.5512585430905,23646.944157859725,155.5936911941031,338.4691597231574,388.67563125765423,1.6230927370151762,0,0,1
307.65127521253544,23662.326784974804,154.6007931003025,329.0861978263548,341.8032927489024,1.0290159968435886,0,0,1
307.7512918819804,23677.714413756967,154.42868602684254,325.00195749455384,478.4001897300769,1.146113268691555,0,0,1
307.85130855142523,23693.107044206205,154.15967873006576,325.4567173660447,336.1620508333379,1.73148977137116,0,0,1
307.95132522087016,23708.504676322536,153.72713399236062,322.37646968401674,408.6049740968061,0.4900586037365006,0,0,1
308.0513418903151,23723.907310105948,155.2262026036314,330.2682410969813,147.6018519513691,1.843093611435224,1,0,1
308.15135855976,23739.31494555644,154.21603914972803,338.8435256463883,421.4818359891164,0.8644808102292284,0,0,1
308.2513752292049,23754.72758267401,152.15861791101528,330.11682436355926,426.4048385336324,1.6819003868911333,0,0,1
308.3513918986498,23770.14522145868,153.0585094876179,332.34675369160635,431.1824738444273,0.9417572862114362,0,0,1
308.4514085680947,23785.56786191042,154.0398585318546,337.7231256783305,303.16759204294107,1.140812959649277,0,0,1
308.5514252375396,23800.995504029248,154.58571160193534,328.834665964592,424.32948117055264,0.9704962839476644,0,0,1
308.65144190698453,23816.42814781516,154.26913246459236,341.0428014742964,311.77910869391445,0.7126341864059755,0,1,-1
308.7514585764294,23831.86579326815,155.59470007800837,340.8356178951302,459.5302637519002,0.8820416783154422,0,0,1
308.8514752458743,23847.30844038823,152.47463575889853,330.229590831185,663.5205127559071,1.6177717427168263,1,0,1
308.95149191531925,23862.756089175396,154.61933389416478,328.00747787143587,314.3912812912613,-0.1684618533327685,0,0,1
309.0515085847641,23878.208739629637,152.7077750669949,334.391341090428,381.195168007457,0.3151577371410929,0,0,1
309.15152525420905,23893.666391750965,155.3354749225887,329.1775278128266,393.06418935129045,0.6467119335593301,0,0,1
309.251541923654,23909.12904553938,154.531312247385,325.1423781070287,480.76576151553417,0.4469107204931526,0,0,1
309.35155859309884,23924.596700994865,155.09538926857354,337.3413491269248,430.7257617301563,1.7574180364484362,0,0,1
309.45157526254377,23940.06935811745,153.86190467068212,337.0273944626398,437.7794853269402,1.5957907101509288,0,0,1
309.5515919319887,23955.547016907112,156.0552608976521,331.73271721201667,479.2819525335966,1.3267341976664246,0,0,1
309.6516086014336,23971.02967736385,155.86752896477563,324.65083709150247,415.0775581705387,0.7062358479433348,0,0,1
309.7516252708785,23986.517339487684,155.45935693845112,324.8275312710009,457.2583411784464,1.6806104372598538,0,0,1
309.8516419403234,24002.0100032786,154.79630372329828,331.5213106361281,453.406437984353,0.1996710790074688,0,0,1
309.9516586097683,24017.507668736587,155.55568659017928,328.4958106884517,354.55461515624364,2.0869106275723066,0,0,1
310.0516752792132,24033.01033586167,154.31894507161925,329.2997028672133,492.1922444345413,0.6376678000124426,0,0,1
310.15169194865814,24048.518004653837,155.9314016333498,336.1249849701658,347.1932202247383,0.8960163154808192,0,0,1
310.251708618103,24064.030675113077,156.77533520337542,334.6910674489231,463.74215311996113,0.8376662168629737,0,0,1
310.35172528754794,24079.548347239404,156.24647320375314,337.9258859312429,341.6859477470108,0.4998722722626776,0,0,1
310.45174195699286,24095.07102103282,154.496268508689,326.092058078813,447.2674852605553,1.9476310156980323,0,0,1
310.55175862643773,24110.59869649331,155.63729663049196,329.3392180192102,509.96770312181326,1.4127730005858188,0,0,1
310.65177529588266,24126.13137362089,154.03274610418268,334.8600860068888,405.88960663515,1.579542587677297,0,0,1
310.7517919653276,24141.66905241556,155.94828629383946,333.3155709015972,403.3876042419223,0.4157009549318684,0,0,1
310.85180863477245,24157.2117328773,155.87650773024876,338.74708277641537,446.39449973261566,1.1158731659569767,0,0,1
310.9518253042174,24172.75941500613,153.60609631257654,333.1978660599421,399.0700565979951,1.2202317359347326,0,0,1
311.0518419736623,24188.31209880205,154.3641371429188,340.345729717894,506.1214602468201,1.116656704665857,0,0,1
311.1518586431072,24203.86978426504,155.29279042480982,333.8152748729264,424.4850490176007,0.4280103223723274,0,0,1
311.2518753125521,24219.43247139512,155.32507790913522,336.4360247691985,398.5351382274389,1.5468930363338609,0,0,1
311.351891981997,24235.000160192285,154.46646905557972,329.5176144642774,387.19777973388506,1.0449924016062806,0,0,1
311.4519086514419,24250.57285065653,156.11493305507312,331.21662692456414,367.2333402943299,0.5550149059098758,0,0,1
311.5519253208868,24266.15054278786,156.0274362693839,335.70991455128603,382.1619871114376,0.1022644629423682,0,0,1
311.6519419903317,24281.733236586275,155.63170186318737,339.23008505199846,395.6853041728048,1.3214938339206164,0,0,1
311.7519586597766,24297.320932051767,155.12018782972996,334.82138061253147,388.5065221355613,2.228379414914809,0,0,1
311.85197532922155,24312.91362918435,156.97469479102733,330.769338673249,379.64947839513394,0.5507573143925947,0,0,1
311.9519919986665,24328.51132798402,157.63140311242154,338.08187434750835,517.1703340364336,1.1637121898004903,0,0,1
312.05200866811134,24344.11402845076,155.54244285020914,320.2453075854117,360.39381302523225,1.5707778488370217,0,0,1
312.15202533755627,24359.72173058459,155.46384575162332,324.10403002622127,418.9007542659009,0.3783903336754763,0,0,1
312.2520420070012,24375.33443438551,156.6172286689126,334.63337531904205,440.8659968975985,0.8075833378037889,0,0,1
312.35205867644606,24390.9521398535,155.81799995847604,331.3057476489102,442.41643099603743,0.5935900778228544,0,0,1
312.452075345891,24406.574846988584,156.08664047228226,334.27277579020995,407.6520253057798,1.5239916703477647,0,0,1
312.5520920153359,24422.20255579075,157.01569915939265,331.5772468136933,398.21886124094,1.722392616192795,0,0,1
312.6521086847808,24437.835266259997,154.4166982548831,334.11993934149746,432.5032377837933,1.062305258998652,0,0,1
312.7521253542257,24453.472978396327,157.69436500196554,327.2031984304566,422.9240815492795,0.6595642564480626,0,0,1
312.85214202367064,24469.115692199743,156.49875153616466,334.1376446327655,396.3224553706815,0.8225978882410359,0,0,1
312.9521586931155,24484.76340767024,156.06458620199558,336.2672885103495,330.8491286019244,0.7157468381197271,0,0,1
313.05217536256043,24500.416124807824,156.43685352705876,337.40797055591224,385.21979296140574,0.5534983353519602,0,0,1
313.15219203200536,24516.07384361249,156.5385253710232,341.382990676444,350.96165438405114,0.9941711538926178,0,0,1
313.25220870145023,24531.736564084236,154.8949030472802,332.54571308765696,374.6046299496652,1.2840084214937983,0,0,1
313.3522253708952,24547.404286223067,158.17105091290082,332.7047779713254,409.2974754455234,1.340353997327853,0,0,1
313.4522420403401,24563.077010028985,156.76744665244067,323.7293618831648,425.2470877604388,1.047983253043575,0,0,1
313.5522587097849,24578.754735501974,157.21913148533986,328.69816886528633,496.0071459316692,1.094360858586576,0,0,1
313.6522753792299,24594.437462642065,157.777687460189,330.3998171678899,379.7886777852433,1.0422308086088108,0,0,1
313.7522920486748,24610.12519144923,155.8549835667771,336.62682696624927,445.065027206124,0.3761600195046308,0,0,1
313.8523087181197,24625.817921923477,157.39962625809503,328.33022525136386,421.306755516508,1.1514277248591278,0,0,1
313.9523253875646,24641.51565406481,156.7085216028835,335.3769326375006,470.4839066111088,0.7585048811400672,0,0,1
314.0523420570095,24657.21838787323,157.87294180372126,331.397125620884,434.1709875677599,0.4122839474051294,0,0,1
314.1523587264544,24672.926123348723,154.9489519428757,330.52939529707163,354.6112682491474,1.1835179215565597,0,0,1
314.2523753958993,24688.638860491308,157.0270933977084,332.66970738525623,318.55908548344644,0.7541129932125482,0,0,1
314.35239206534425,24704.356599300976,156.57337537688815,329.47945734527025,419.9507783675895,1.1601168010953289,0,0,1
314.4524087347891,24720.07933977772,157.65846731802873,329.3000546330156,377.6417088198298,1.5031422858536758,0,0,1
314.55242540423404,24735.80708192156,157.7462568894852,322.9313130114728,354.7253954353155,0.6069149994770598,0,0,1
314.65244207367897,24751.539825732478,156.61859514201743,330.22547317072843,340.03928000464737,1.0936635738023692,0,0,1
314.75245874312384,24767.27757121047,156.66405550738588,329.0754051435688,411.1442808828386,0.1437632009192074,0,0,1
314.8524754125688,24783.020318355557,157.31557233772705,328.90534259451147,478.1584898084813,1.8350505793383245,0,0,1
314.9524920820137,24798.768067167723,156.57960381369165,333.57961452115154,382.01734425759054,0.3668942599893943,0,0,1
315.05250875145856,24814.520817646968,158.3682380711814,334.7984106390984,431.6425914512452,0.8439798719149074,0,0,1
315.1525254209035,24830.278569793303,157.2070555100043,332.676225065302,396.6941301896171,1.7346549287547557,0,0,1
315.2525420903484,24846.041323606725,154.71928282585256,336.50233016128226,337.0169722908653,0.8742455427820759,0,0,1
315.3525587597933,24861.80907908722,157.30145732327483,334.4130655051312,437.9055300038689,0.4696530297780639,0,0,1
315.4525754292382,24877.581836234804,156.68774389377512,330.0699765938956,346.1095035404855,1.40622656730153,0,0,1
315.55259209868314,24893.359595049475,156.14502023388062,329.2409777812964,401.6048368108144,1.378660842941878,0,0,1
315.65260876812806,24909.14235553123,156.58887774584147,333.1293720606471,383.1271404906765,0.730113817573542,0,0,1
315.75262543757293,24924.930117680055,157.98572119061944,334.4440980932668,444.536945144467,0.8269921501805362,0,0,1
315.85264210701786,24940.722881495974,159.25496188175717,338.57448574585925,346.655691978399,0.9117310656671912,0,0,1
315.9526587764628,24956.52064697898,158.28951386209638,337.55113110234674,418.7871609835319,0.9954135165066904,0,0,1
316.05267544590765,24972.32341412906,157.41983433473808,328.89790251205494,356.9344748186525,0.12549481631352,0,0,1
316.1526921153526,24988.131182946232,158.53225025284698,331.1052378108989,373.0500195590215,1.015825085255034,0,0,1
316.2527087847975,25003.943953430484,157.66726408217977,334.9803599030686,216.5264589802788,1.9715518926822004,0,0,1
316.3527254542424,25019.76172558181,157.48176235795805,336.9752614357191,502.5728441083464,0.6258973119225296,0,0,1
316.4527421236873,25035.584499400236,157.07200839361067,336.3401215558927,425.17746212333,0.7695986346598911,0,0,1
316.5527587931322,25051.412274885737,156.5245505898144,331.33588671515645,358.9641957202982,0.4529607663873261,0,0,1
316.6527754625771,25067.24505203832,157.9364640247291,325.39516428411514,340.78099451274863,1.394006737803228,0,0,1
316.752792132022,25083.082830857988,158.53444955593113,326.68059733197424,371.91380437117255,1.7082048407444117,0,0,1
316.8528088014669,25098.925611344745,158.3297807307186,333.0484484517437,432.22293581211136,1.6903443177827562,0,0,1
316.9528254709118,25114.773393498574,158.06044580750856,333.4064104442129,393.1059702935791,0.4677737346236551,1,0,1
317.05284214035674,25130.626177319493,157.58067500948158,326.2118873468637,388.6659333168425,1.3268212956559242,0,0,1
317.15285880980167,25146.4839628075,159.1846755965858,331.9381339354265,483.9607256533437,1.8440680188799372,0,0,1
317.25287547924654,25162.346749962577,157.3093058196767,334.8814093327836,338.41504613918795,1.32342370874209,0,0,1
317.35289214869147,25178.21453878475,159.4524739881892,325.97915592733347,398.8155987393661,1.374960236028255,0,0,1
317.4529088181364,25194.087329274003,157.72423739014147,337.2702768908357,504.6460741815964,0.8455326133499033,0,0,1
317.55292548758126,25209.96512143033,158.0240275064376,329.867636805959,425.7726540725361,1.2007010172387735,0,0,1
317.6529421570262,25225.847915253755,157.35968588789743,338.0533597785859,400.1460051313286,1.6882946107511605,0,0,1
317.7529588264711,25241.735710744266,158.37507726634993,329.1080336537676,418.8666305195011,1.265708463649733,0,0,1
317.852975495916,25257.62850790184,159.90180020643598,326.6521701351707,373.1767866368267,0.5260945776125178,0,0,1
317.9529921653609,25273.526306726515,159.4921241711244,329.5046142673275,457.8871150105,0.9090064639032148,0,0,1
318.05300883480584,25289.42910721827,160.00492652943095,331.329560268094,372.6247985017403,1.7582138163818688,0,0,1
318.1530255042507,25305.3369093771,159.5986552980593,329.8729030165677,294.318219453594,1.3028216110983275,0,0,1
318.25304217369563,25321.249713203026,158.02285125831744,330.74529710950395,372.3983960782037,1.1501405678587546,0,0,1
318.35305884314056,25337.167518696027,158.84574019724272,333.505131632695,343.31332710655147,0.8394183788264292,0,0,1
318.45307551258543,25353.09032585611,158.4463386271753,330.98941070227653,377.27710605529575,1.698138112590303,0,0,1
318.55309218203035,25369.018134683283,160.60712099505423,331.524747248443,378.0696073149919,2.004442288432034,0,0,1
318.6531088514753,25384.950945177538,158.12976577931133,323.31917888913455,450.5822242018161,1.7255325065027831,0,0,1
318.7531255209201,25400.888757338867,160.2702604498492,333.83380263214434,425.16320462580455,1.8835023385712384,0,0,1
318.8531421903651,25416.83157116729,160.3195249652913,331.4392977305782,403.2495966907724,0.9844615346262128,0,0,1
318.95315885981,25432.7793866628,161.3061996316211,339.94678078839536,389.6270555032888,0.9462913007337964,0,0,1
319.0531755292549,25448.73220382538,159.11690117199794,327.20749171665574,336.5196789236898,1.0468611958759204,0,0,1
319.1531921986998,25464.690022655053,160.28891825893007,322.8738425773724,280.0923201191466,1.1821019934535166,0,0,1
319.2532088681447,25480.65284315181,161.90825627061122,335.01566335646464,394.497834347656,1.9320867860662216,0,0,1
319.3532255375896,25496.62066531564,159.0589710918611,333.66795764532395,428.2608946727664,1.706134041662105,0,0,1
319.4532422070345,25512.59348914657,158.1915808559849,326.90315911804777,382.8013897892948,1.365100549437599,0,0,1
319.55325887647945,25528.57131464457,157.89661940433197,324.3065811126275,361.1648658120576,0.3710962463425702,0,0,1
319.6532755459243,25544.55414180965,160.53934980182348,339.6523112080139,410.8224365556116,0.3269998121206451,0,1,-1
319.75329221536924,25560.54197064183,157.99349589962603,339.0458811745708,383.12071275220336,1.2099283684208988,0,0,1
319.85330888481417,25576.53480114109,159.55433538946917,319.5480470949508,471.2647748171804,1.5791566935733257,0,1,-1
319.95332555425904,25592.53263330742,160.4139759641685,329.7042174091434,448.304472505189,1.1271189464777236,0,0,1
320.053342223704,25608.53546714084,160.2118466486819,340.32629449628985,434.3341959863121,2.117754162637372,0,0,1
320.1533588931489,25624.54330264135,160.50212431075863,329.63502310042554,423.9364839310962,0.628569270605973,0,0,1
320.25337556259376,25640.55613980893,160.34897763709773,329.57227638612613,321.2326397377329,0.560600894304794,0,0,1
320.3533922320387,25656.57397864361,161.45556192933273,330.62154258505706,418.5821747592122,0.8692233730578034,0,0,1
320.4534089014836,25672.596819145365,159.274388070003,326.4408560213075,403.94051349424007,0.7789073488484258,0,0,1
320.5534255709285,25688.6246613142,159.59971764700572,323.53146383595265,415.1374245484903,1.403627055675594,0,0,1
320.6534422403734,25704.65750515012,159.55406167491589,337.3280807777111,409.1388813510936,0.9281603692564052,0,0,1
320.75345890981833,25720.695350653128,161.2069212667718,322.86066135974346,406.83900145179575,0.4191487762677667,0,0,1
320.8534755792632,25736.73819782321,161.3271363780267,333.3217048184701,518.9369065563784,1.6428633316509489,0,0,1
320.95349224870813,25752.78604666039,160.92797144367256,336.52824668865907,379.7772563746328,0.3038382391876815,0,0,1
321.05350891815306,25768.838897164645,161.71024812596644,324.8492193973095,430.0966112842762,0.6742959881029661,0,0,1
321.1535255875979,25784.896749335978,159.39872192642258,327.4940105457845,359.42369948102555,0.3226795540678125,0,0,1
321.25354225704285,25800.959603174404,162.29399524007258,338.19125016766225,422.1989621246012,1.333213759383168,0,0,1
321.3535589264878,25817.027458679917,162.20001808495616,334.799814493784,429.3268153663065,1.319481605340723,0,0,1
321.45357559593265,25833.100315852495,161.46240979521207,329.05892902519884,400.2763074284465,2.1598200807340824,0,0,1
321.5535922653776,25849.178174692173,162.55859504145985,338.1666042433436,465.21177800423993,1.6955966376517877,0,0,1
321.6536089348225,25865.26103519893,159.17018125973348,338.1980395107538,337.23030078223906,1.847554056765072,0,0,1
321.75362560426737,25881.348897372765,160.35236466587102,333.52062602550524,356.77797143732784,1.3091923867345772,0,0,1
321.8536422737123,25897.44176121369,160.1915176761742,327.6845630880029,391.4531827527072,0.6711737122539079,0,0,1
321.9536589431572,25913.5396267217,161.69830879533595,330.12812237695675,424.5699248716896,1.273557487008919,0,0,1
322.0536756126021,25929.642493896783,159.9766970666989,333.6373012810372,248.3364780763274,1.4488689714122418,1,0,1
322.153692282047,25945.75036273896,161.83434129036098,331.27239508246726,444.2090721804847,1.5659868447342875,0,0,1
322.25370895149194,25961.86323324822,162.49739061974267,336.92015678632345,346.53276082862686,1.0003840864121476,0,0,1
322.3537256209368,25977.981105424555,161.87206571055242,324.586502161547,322.28470696056274,1.459748658321088,0,0,1
322.45374229038174,25994.10397926798,161.51062216885236,324.774056583707,394.4166681615406,0.7366925562457961,0,0,1
322.55375895982667,26010.23185477849,160.28900613901257,333.1597314533948,374.848100076205,0.6411794436945947,0,0,1
322.65377562927154,26026.364731956077,160.4800368485104,329.80765549389264,405.5474049003524,0.6111734526452777,0,0,1
322.75379229871646,26042.50261080075,162.6265150546549,329.14013615638294,376.7314515991271,1.2533222153218473,0,0,1
322.8538089681614,26058.645491312516,162.20625348798603,323.44509730094416,206.06611043656733,0.6377513930214327,1,1,-1
322.95382563760626,26074.793373491342,161.43789329942558,332.39311178775154,373.7501080797718,0.988400803786648,0,0,1
323.0538423070512,26090.946257337277,161.1090116077597,332.04160869070125,378.6375042820521,1.641272745684205,0,0,1
323.1538589764961,26107.104142850283,159.55112161513668,335.5827808074083,361.64430891175056,0.6243569829371866,0,0,1
323.253875645941,26123.26703003037,160.55608540428605,332.66991823019896,366.43532724196615,0.9194039330393018,0,0,1
323.3538923153859,26139.434918877545,163.5883652448327,331.6723688403361,356.11105946197,1.310113648393047,0,0,1
323.45390898483083,26155.607809391808,160.44649892141294,338.2303940824348,418.8230199643368,1.2914105950187105,0,0,1
323.5539256542757,26171.785701573142,161.96644264835894,325.79305604818484,385.39009256940057,0.96889738393207,0,0,1
323.6539423237206,26187.96859542157,162.8344151350555,335.04734032661,488.22618484696,1.641579000447874,0,0,1
323.75395899316555,26204.15649093708,160.6220568285805,324.01966007533986,383.1235480256506,1.4689529823481215,0,0,1
323.8539756626104,26220.349388119663,162.11169830608628,328.193588166257,347.2454463050772,1.7933886954239464,0,0,1
323.9539923320553,26236.547286969344,162.91491170353834,326.3321135700889,508.02232786895854,1.210120634235968,0,0,1
324.0540090015003,26252.750187486105,162.0395038226574,336.31511357740965,394.87035706841857,0.9646049527655304,0,0,1
324.15402567094515,26268.95808966994,164.94541589113933,332.0883513991176,423.3959961450834,0.9810697281615252,0,0,1
324.2540423403901,26285.17099352087,160.45842191131683,332.35788801107407,403.1958639475481,1.3218713977488818,0,0,1
324.354059009835,26301.38889903888,163.23575803480136,326.90174096233625,404.4424634170812,1.0734405420745186,0,0,1
324.45407567927987,26317.61180622397,162.05423610224346,330.94694008826355,399.77605067108,0.9369283189744736,0,0,1
324.5540923487248,26333.839715076145,163.04896632919906,328.6380827183269,317.59079481126264,1.0314055273240004,0,0,1
324.6541090181697,26350.072625595407,162.7683616607841,334.38268597608806,390.77338897910175,0.9040319936892782,0,0,1
324.7541256876146,26366.310537781745,161.6439066466973,327.5199568921034,305.85602337300134,1.3071864429524622,0,0,1
324.8541423570595,26382.553451635173,162.6560675709891,339.13438606173133,363.0833369321989,0.535730667538105,0,0,1
324.95415902650444,26398.801367155684,160.61917806185394,324.11751365453,335.2232341442701,1.325140360098389,0,0,1
325.0541756959493,26415.05428434327,163.13033534854603,328.47281840731216,389.080482326395,1.5966386033375943,0,0,1
325.15419236539424,26431.31220319795,162.87525464868764,340.9014217863699,387.6163891140807,0.95911550388563,0,0,1
325.2542090348392,26447.57512371971,163.26576468606268,330.3497271636737,394.6707124602474,2.2240784491946743,0,0,1
325.35422570428403,26463.84304590855,163.73523117722917,325.9610292484064,384.68182500594594,1.2882493774016306,0,0,1
325.45424237372896,26480.11596976448,163.09474102707418,333.64078205006126,339.679544807586,0.4764607239634154,0,0,1
325.5542590431739,26496.39389528749,162.92521894138522,330.1784646932447,356.674689850026,1.11065549754287,0,0,1
325.6542757126188,26512.676822477577,161.9460695196481,328.38607629317033,415.4489615038587,1.2491821909297216,0,0,1
325.7542923820637,26528.96475133476,162.1649254273828,327.0960751842128,422.5265129428806,1.4497499126983946,0,0,1
325.8543090515086,26545.25768185902,164.11388914593164,346.4272989332806,311.4992861081949,1.16404850564476,0,0,1
325.9543257209535,26561.55561405036,164.41349826618273,331.33767307117466,291.997057510572,0.7975945933866322,0,0,1
326.0543423903984,26577.85854790879,162.78906075888716,322.97759743737544,331.9042040191065,0.699098484770738,0,0,1
326.15435905984333,26594.166483434303,163.12318227717495,340.083984701012,420.2145220818351,0.9313169229350844,0,0,1
326.2543757292882,26610.47942062689,162.22257348965033,335.6807920984817,428.40404985943553,0.9483364212557912,0,0,1
326.3543923987331,26626.79735948657,164.34995304463402,328.8031070847744,321.1301950810556,0.7336356956793119,0,0,1
326.45440906817805,26643.12030001333,163.8926213577808,327.97984546338705,382.4374327312698,0.9185582990965476,0,0,1
326.5544257376229,26659.44824220717,165.2184303052752,336.0228065545534,458.49994264919474,1.6619492288019826,0,0,1
326.65444240706785,26675.781186068103,162.44889812635418,331.4308526032595,387.2505956183832,2.059139924899548,0,0,1
326.7544590765128,26692.119131596115,162.99922163923816,323.0455568154258,437.26706641082666,1.6315613462412462,0,0,1
326.8544757459577,26708.462078791214,163.65868379550443,341.6216473976191,415.8353454871028,1.929687978772535,0,0,1
326.95449241540257,26724.810027653384,164.12373574542707,330.52549693046046,320.0964307587898,1.7801708721572944,0,0,1
327.0545090848475,26741.16297818265,163.31158690487612,340.1833095908969,355.81487804867083,1.6812168888851096,0,0,1
327.1545257542924,26757.520930379,162.7043017866925,339.1076273652578,366.7594901703498,1.0747788833660787,0,0,1
327.2545424237373,26773.88388424242,164.50867874079222,327.7204065199597,369.9364863808908,1.3772211397899763,0,0,1
327.3545590931822,26790.251839772933,164.3984149091367,337.90140523113394,410.25454888074256,1.0925340781984003,0,0,1
327.45457576262714,26806.62479697053,162.81101378074985,329.4882448269443,384.58085686973794,1.1377902062333527,0,0,1
327.554592432072,26823.0027558352,165.1327390171415,323.4219563091875,217.04532224576795,1.3632110473946475,0,0,1
327.65460910151694,26839.385716366967,164.99750325995507,330.642470080041,297.9223394038342,1.6810408992515486,0,0,1
327.75462577096187,26855.773678565816,164.01160938272872,334.7636500859776,253.9045236922433,1.500816118949,0,0,1
327.85464244040674,26872.166642431737,164.0069190825794,330.471781004059,371.7512804290018,1.2080744605152265,0,0,1
327.95465910985166,26888.564607964752,164.53138732604174,331.2602242063597,374.7170822114126,1.335343871468931,0,0,1
328.0546757792966,26904.96757516485,163.16563481939204,338.5232978025728,376.5638612110839,1.4763187492807528,0,0,1
328.15469244874146,26921.375544032024,164.1073777035348,333.34793914632456,314.16634545235763,1.6262309821902372,0,0,1
328.2547091181864,26937.788514566288,161.974971014484,328.60897935539384,395.5303364810762,0.4593334215669057,0,0,1
328.3547257876313,26954.20648676764,165.0538185393186,336.34562419709977,397.3468700795193,0.7875895826951843,0,0,1
328.4547424570762,26970.62946063606,162.66587800609622,333.83385208047883,298.48713238560697,1.796013956270428,0,0,1
328.5547591265211,26987.057436171577,165.78079939168956,320.24745190534185,287.65374743682514,1.3222120371444983,0,0,1
328.65477579596603,27003.490413374177,163.99726780401656,335.0072421484538,360.660376049982,1.0766106308686394,0,0,1
328.7547924654109,27019.928392243848,164.16572925077426,334.8346227851216,449.9676077978856,1.1628462681124017,0,0,1
328.8548091348558,27036.371372780613,163.7996706613434,332.98608656138987,445.0773957021869,1.1498464803212536,0,0,1
328.95482580430075,27052.819354984465,164.1893740282283,337.353985485778,387.97247162431074,1.574401235029207,0,0,1
329.0548424737456,27069.272338855382,165.94595258202085,329.543516325742,323.01464538278947,0.8046810157208274,0,0,1
329.1548591431905,27085.730324393404,162.0896209150602,334.5979848584236,403.569067462102,1.2351008697648602,0,0,1
329.2548758126355,27102.1933115985,165.90440329240593,325.0906907254268,336.3184067550047,1.4802260657674404,0,0,1
329.35489248208034,27118.66130047068,165.0154697221419,334.9709411652022,320.2771834675123,1.523037972204019,0,0,1
329.45490915152527,27135.13429100994,163.52043292790543,342.710789392852,251.1673386400156,1.383357384974449,0,0,1
329.5549258209702,27151.61228321629,163.70215051743585,327.9812108197593,363.1981644889285,1.5362325820768472,0,0,1
329.65494249041507,27168.09527708972,166.50386427241574,329.16648358910265,326.2992907121242,1.0928999756647522,0,0,1
329.75495915986,27184.583272630232,163.93197269998726,329.42541870152826,362.3280098065269,0.8154479486058419,0,0,1
329.8549758293049,27201.076269837835,163.7741374040565,333.6354887119385,242.2526675598105,2.5093053437820445,0,0,1
329.9549924987498,27217.574268712506,166.1148107917396,327.6803178856064,365.426176239802,1.214255311114253,0,0,1
330.0550091681947,27234.077269254278,165.36605746038327,335.11173781027435,235.0933031654668,1.2453328146419709,0,0,1
330.15502583763964,27250.58527146313,164.13958734228342,337.2497023111098,410.761121112614,1.6325918533915251,0,0,1
330.2550425070845,27267.09827533905,165.34414622894687,335.69724031797733,382.1736453901639,2.1348111104711944,0,0,1
330.35505917652944,27283.616280882063,164.15177690462446,324.1934287894626,341.86104831301174,1.0218386252176972,0,0,1
330.4550758459744,27300.139288092167,166.32835932140978,338.02134591039044,383.645710873454,0.8733486720376507,0,0,1
330.55509251541923,27316.667296969343,166.33891722258275,337.7423463228104,306.321663323374,0.7520695212950975,0,0,1
330.65510918486416,27333.20030751361,165.859560791254,337.21631778021793,358.56003824455127,2.1520790722488,0,0,1
330.7551258543091,27349.73831972496,165.73922398840156,334.93972382871,394.3960776322383,0.8320753471128086,0,0,1
330.85514252375395,27366.281333603387,167.18875938674435,334.18646082340103,199.65925355647863,1.3910190699849243,0,0,1
330.9551591931989,27382.829349148906,165.47726592398766,338.25746290995187,331.7290652038074,0.8529507602562264,0,0,1
331.0551758626438,27399.382366361504,164.3457138059011,342.72308502428166,352.6748705508519,0.5767943559501487,0,0,1
331.1551925320887,27415.94038524118,166.02707017887664,328.3503169363846,343.7094165524085,1.21547660957848,0,0,1
331.2552092015336,27432.50340578795,167.71365165030392,338.5161478991272,426.09643546396495,0.9557170320857438,0,0,1
331.35522587097853,27449.0714280018,164.6628534423034,332.7044370970606,296.7637607691977,0.9664499304117278,0,0,1
331.4552425404234,27465.644451882727,165.3661585035177,332.49715899389935,321.6185536747995,2.3406162590837347,0,0,1
331.5552592098683,27482.222477430743,166.1940756430356,325.47287246907666,256.600989151596,1.580252512026595,0,0,1
331.65527587931325,27498.805504645847,165.7737330906509,331.74158054035433,427.62692325828345,1.8181234919132387,0,0,1
331.7552925487581,27515.393533528026,164.89534269400176,328.1892044650337,339.51645921900024,1.732917671246394,0,0,1
331.85530921820305,27531.98656407729,167.049512465332,330.8662587742906,329.62912284932537,1.3491443480250194,0,0,1
331.955325887648,27548.584596293644,168.29770366584123,327.7046006698741,348.6442591040965,1.227036410856003,0,0,1
332.05534255709284,27565.187630177068,166.22380273757034,330.9609923191442,382.79923549635976,1.4933668501396196,0,0,1
332.15535922653777,27581.795665727583,165.1736113235329,331.1849841375368,368.0748898127332,1.414827240738381,0,0,1
332.2553758959827,27598.40870294519,164.57872742293787,333.70931218179226,482.8204304040133,1.0248590717429336,0,0,1
332.3553925654276,27615.026741829864,166.43567226393498,325.1617899450861,372.8427385831488,1.4416469453368703,0,0,1
332.4554092348725,27631.649782381635,167.33158196075252,326.0179501847606,561.7647768532511,1.057003301420806,1,0,1
332.5554259043174,27648.27782460049,166.75288069865408,335.0651139440844,321.5182284854701,1.3027685449057684,0,0,1
332.6554425737623,27664.91086848641,166.3253174459623,329.27835367202573,329.66851414429163,1.20500225116317,0,0,1
332.7554592432072,27681.548914039435,165.7884579698143,338.6481948754704,273.9352355677895,0.7184902890666118,0,0,1
332.85547591265214,27698.191961259537,165.33557432360797,334.4118962013404,350.741135659832,0.1608769932206788,0,0,1
332.955492582097,27714.840010146712,167.3124976173734,336.3293600092417,387.6423973547722,0.939917959017016,0,0,1
333.05550925154193,27731.493060700985,167.44152624715656,340.35901252725864,317.52210186676365,2.316365364831312,0,0,1
333.15552592098686,27748.151112922336,165.0320331738027,331.7669985330658,307.5427918534103,1.170659058201598,0,0,1
333.25554259043173,27764.814166810764,168.21761027339656,330.4531207319618,423.4307874898185,1.8318086894026877,0,0,1
333.35555925987666,27781.482222366285,167.25185085083234,337.6940688539817,276.0313304111908,0.3449452944672266,0,0,1
333.4555759293216,27798.15527958889,168.12738260980657,335.89312541258056,243.68674986717156,0.9362277061778976,0,0,1
333.55559259876645,27814.83333847857,165.4356685508981,332.41890771077016,346.77110127875744,0.6628387345876704,1,0,1
333.6556092682114,27831.516399035336,165.46198047869024,340.3228507616009,269.50106016602035,1.2398882932286528,0,0,1
333.7556259376563,27848.20446125919,166.72884365906086,332.31434104456594,365.55684575457406,2.598580442555048,0,0,1
333.8556426071012,27864.89752515012,167.4306057304458,333.54943244848903,327.9333857250195,1.644020405204424,0,0,1
333.9556592765461,27881.595590708137,168.77419046120002,333.5016791818259,334.7075481882069,2.313069841857125,0,0,1
334.055675945991,27898.298657933243,167.73391688681065,328.7325981201068,403.0621202966325,1.2981610286458307,0,0,1
334.1556926154359,27915.00672682542,166.83516503090593,333.8034962089755,310.5724005378324,2.07399853206127,0,0,1
334.2557092848808,27931.71979738469,166.10148543477453,340.40937181548054,383.61756729404215,2.401026106214616,0,0,1
334.3557259543257,27948.437869611047,168.40786354988202,335.66041417231344,420.1534105636921,1.3964426238323608,0,0,1
334.4557426237706,27965.160943504477,166.2631658861346,333.60089139437173,321.5285402090161,1.1007182356479055,0,0,1
334.55575929321554,27981.889019064994,168.9063482013801,332.6467395234932,380.8874228266309,0.8114824874004845,0,0,1
334.65577596266047,27998.6220962926,167.0435033317237,335.1199127382978,331.67021961812605,1.2448196377026166,0,0,1
334.75579263210534,28015.36017518728,168.96847838867052,337.22441240565644,389.691076962854,1.5137498632885429,0,0,1
334.85580930155027,28032.10325574905,168.1068359408344,336.5317750846038,264.63698632269643,2.455061874612708,0,0,1
334.9558259709952,28048.851337977903,167.34091749605514,331.83625828798966,260.6613283545121,0.7630327702645762,0,0,1
335.05584264044006,28065.60442187383,167.0085249483939,335.1294922345946,323.09926932750363,1.4278712960053874,0,0,1
335.155859309885,28082.362507436854,167.23702177759642,335.9152846367299,297.9423484592239,0.4994563010724964,0,0,1
335.2558759793299,28099.12559466696,168.0562546820402,328.4896126602981,316.2792864818198,1.2242708290372917,0,0,1
335.3558926487748,28115.89368356414,167.75510282060512,334.376741970796,330.864784898508,1.581881360890535,0,0,1
335.4559093182197,28132.66677412841,167.13414325104114,322.73907150031016,377.5683815314973,1.6590386295808266,0,0,1
335.55592598766464,28149.44486635977,167.61233158351467,335.9682611478724,320.91148560643654,1.7152815408610769,0,0,1
335.6559426571095,28166.227960258195,167.9065483582739,336.86730953852435,299.82847709995644,1.6306447265172632,0,0,1
335.75595932655443,28183.01605582372,165.7492455688624,337.31332656158776,323.1731202161115,1.641705598940301,0,0,1
335.85597599599936,28199.809153056325,168.38615611278837,331.6103633387521,302.0189896386191,1.473162163527137,0,0,1
335.9559926654442,28216.607251956004,166.99827510800532,335.1408334416646,293.50366107817507,0.8737236627313391,0,0,1
336.05600933488915,28233.410352522777,166.87467226423882,340.72537016119475,259.28099585794865,0.4672093659432942,0,0,1
336.1560260043341,28250.218454756632,166.39066865505632,340.6844508418897,343.1338603322613,1.101714579591233,0,0,1
336.2560426737789,28267.031558657563,166.3341288390216,333.4797407712451,310.95300463062654,1.305661640856846,0,0,1
336.3560593432239,28283.849664225585,166.82258216849965,334.3322040879702,387.4307796424226,2.01806052096774,0,0,1
336.4560760126688,28300.672771460693,167.51901704870392,339.200163324939,266.47580790510574,1.3669389247946877,0,0,1
336.5560926821137,28317.500880362877,170.2313054785834,326.1515991919005,311.47042151653136,1.4241983443816877,0,0,1
336.6561093515586,28334.333990932144,167.8021749998841,332.0502322217708,428.9491638227376,1.6207354495192343,0,0,1
336.7561260210035,28351.1721031685,168.5558131167698,340.3534648797841,291.0527470424173,1.3218184945354152,0,0,1
336.8561426904484,28368.01521707193,168.82855273173053,338.56161697746865,325.93619681341943,1.8726408850076068,0,0,1
336.9561593598933,28384.863332642457,168.6091448661625,335.54193482423887,276.70051303818855,2.4485490097747062,0,0,1
337.05617602933825,28401.716449880063,168.45064455394314,326.1764555762807,269.80140536900296,2.5481656829179813,0,0,1
337.1561926987831,28418.574568784745,167.38280258579232,333.4660681046725,414.3186148855815,1.4606183699092097,0,0,1
337.25620936822804,28435.43768935652,170.07903223239325,330.7760439555732,345.23554080807514,1.6848751343799802,0,0,1
337.35622603767297,28452.30581159537,170.48530966247438,335.3908171178534,343.0982240824568,2.322048081513672,0,0,1
337.45624270711784,28469.178935501302,167.04546265943625,329.6988908467374,251.32940178606088,1.3244421296257278,0,0,1
337.5562593765628,28486.05706107433,167.754101097395,328.6270089627833,353.8134295232605,1.7657417168911134,0,0,1
337.6562760460077,28502.94018831444,168.54832768062684,323.4413012161825,393.4788190260633,0.8889557798422401,0,0,1
337.7562927154526,28519.82831722163,167.9136085628161,339.8846526964288,392.8131512368929,1.2767920276817646,0,0,1
337.8563093848975,28536.72144779589,169.4341202459046,331.7867783812745,368.4877508335883,2.069039137651416,0,0,1
337.9563260543424,28553.61958003725,168.2498908247646,334.5813615239469,278.32881614833195,1.0859639381236237,0,0,1
338.05634272378734,28570.52271394569,171.19322742970027,333.7944436900078,350.1914859080084,1.497103321406846,0,0,1
338.1563593932322,28587.430849521206,170.2687282909597,328.4784662745207,367.6469972664444,0.7368685170642901,0,0,1
338.25637606267713,28604.34398676381,169.3407620619708,327.53031304902674,244.27821818512345,2.490207985578344,0,0,1
338.35639273212206,28621.262125673504,170.20518262938077,328.80906364322607,277.6692798939706,2.1529570968698133,0,0,1
338.45640940156693,28638.18526625027,170.33410512514078,330.2297987460097,377.8742012442351,1.6206294795888514,0,0,1
338.55642607101186,28655.11340849413,168.7142655474477,335.6886738421702,377.0019131692857,1.7167007163806731,0,0,1
338.6564427404568,28672.04655240507,168.51200412568642,329.8870559564426,255.50397515211725,1.6530848270689038,0,0,1
338.75645940990165,28688.984697983087,169.45637276792047,342.6080990989633,372.4179154423992,2.184010571698328,0,0,1
338.8564760793466,28705.927845228194,170.28987416417124,339.0214027874004,337.16594106015225,1.2654159829795557,0,0,1
338.9564927487915,28722.875994140388,169.61730677304917,337.93744702320765,371.18536026379456,1.8643122296133816,0,0,1
339.0565094182364,28739.829144719653,167.9512582269272,333.3073564294579,300.1432004299341,1.9723543807344628,0,0,1
339.1565260876813,28756.787296966013,168.7754385998898,341.48705628737054,363.8630079610288,2.0729748959687324,0,0,1
339.2565427571262,28773.75045087945,169.55429851496874,332.835626120107,316.9557680232534,0.3660148324932073,1,0,1
339.3565594265711,28790.71860645997,169.60261410895973,333.7793488718859,313.50685615677844,1.1979630456363255,0,0,1
339.456576096016,28807.69176370758,171.7008302247978,334.795530308348,331.6964331559953,1.072218477064414,0,0,1
339.55659276546095,28824.66992262227,168.39230844033148,337.4647744792628,298.1181390781027,1.5253232370048746,0,0,1
339.6566094349058,28841.65308320404,170.3338939592888,337.15020133850555,412.8617943124798,0.5185561631079059,0,0,1
339.75662610435074,28858.641245452895,171.36742616050367,331.60003621821204,324.00208768633865,0.5453906832120095,0,0,1
339.85664277379567,28875.63440936884,172.19977113232062,331.3206956802498,283.65051744867924,2.687363661644774,0,0,1
339.95665944324054,28892.63257495186,169.57393229843632,337.1951807300845,293.6966981801978,1.805316856488632,0,0,1
340.05667611268547,28909.63574220197,170.51976750906294,337.58185053072475,335.5629950400736,1.5945035712378912,0,0,1
340.1566927821304,28926.64391111916,170.64810674826384,332.0489136540987,366.627705454832,1.7209789911100013,0,0,1
340.25670945157526,28943.657081703423,170.32383645734092,326.08973059676526,261.90669709669027,1.5993405682729362,0,0,1
340.3567261210202,28960.675253954785,170.0795178592708,332.9990921320608,420.8181424265297,2.0151235596680657,0,0,1
340.4567427904651,28977.69842787323,170.6643467847326,337.1633032731758,343.6062201759649,1.223572340331753,0,0,1
340.55675945991,28994.72660345875,167.7461336447353,343.08276017808987,351.23277741584195,1.5191505545733155,0,0,1
340.6567761293549,29011.75978071136,171.0104575547401,328.07588780123217,322.78823480275594,1.6674429461214813,0,0,1
340.75679279879984,29028.79795963105,170.50457430306187,331.9428230157272,328.348603352503,1.0099618611784182,0,0,1
340.8568094682447,29045.841140217817,170.2059298373441,332.1386631391976,319.7096506762858,2.1599643264034403,0,0,1
340.95682613768963,29062.88932247168,172.5252752645644,340.8747093109265,377.75196804121487,1.392961834911881,0,0,1
341.05684280713456,29079.942506392625,169.8534873847767,333.93097677842024,326.204311495057,2.016204775875185,0,0,1
341.1568594765794,29097.00069198064,170.17535374922468,329.5790531507966,364.6920321648475,1.5777127363302272,0,0,1
341.25687614602435,29114.063879235757,172.6199913752169,336.9191640292115,304.3861343720109,2.436531395312869,0,0,1
341.3568928154693,29131.132068157945,169.8463851028848,332.11249668134224,335.5997350145214,0.986523657125376,0,0,1
341.4569094849141,29148.205258747214,170.17833945952054,328.0237545817016,285.3610980390706,0.977995723475126,0,0,1
341.5569261543591,29165.283451003572,170.6314376537487,329.69182607905515,386.1231419566889,1.0856260894096006,0,0,1
341.656942823804,29182.36664492702,171.66920589403156,342.8359040544935,283.3491916307592,1.647157792875729,0,0,1
341.75695949324887,29199.454840517537,171.08628225397774,336.0967420575722,308.5276128839156,2.327532033612989,0,0,1
341.8569761626938,29216.54803777515,169.63586273419463,334.72449789353215,308.76880383084006,2.2954556093277665,0,0,1
341.9569928321387,29233.64623669984,170.44632785294218,332.94623060415364,306.5597021865106,0.3760768300367854,0,0,1
342.0570095015836,29250.74943729161,170.4211503175796,335.66644516075235,360.1227147528248,1.654908462988084,0,0,1
342.1570261710285,29267.857639550475,171.00129204029122,335.61688234711534,307.9059001821452,-0.053114752559612,0,0,1
342.25704284047345,29284.970843476414,171.55436507886654,335.686548425084,393.1760843462475,1.9733340803451596,0,0,1
342.3570595099183,29302.08904906944,171.59673551084714,334.8099314023806,282.2973800090486,2.136632776658491,0,0,1
342.45707617936324,29319.21225632955,169.45252633563322,338.58969930946404,331.43149123956346,1.4715816532524444,0,0,1
342.55709284880817,29336.340465256744,172.34248741196495,334.3712310148845,283.9150084686715,1.6502090651474162,0,0,1
342.65710951825304,29353.47367585101,171.58112360512314,329.3760167740621,343.49484385237724,1.6137299598565369,0,0,1
342.757126187698,29370.611888112377,172.76309514144288,331.2135981642654,321.3908216028555,1.2334819658995997,0,0,1
342.8571428571429,29387.75510204082,171.87276975586212,324.3906208182657,314.1775152119389,1.8047040955303255,0,0,1
342.95715952658776,29404.90331763634,172.57990272102964,344.4298015328707,381.0968813715099,1.502367055353506,0,0,1
343.0571761960327,29422.056534898955,171.99513340946646,338.6194905793667,288.6987610325062,2.059026128367474,0,0,1
343.1571928654776,29439.214753828648,172.92482218894156,330.1653668109016,350.4845397798327,1.575648342763933,0,0,1
343.2572095349225,29456.37797442542,172.15085540347903,332.91649670650673,282.45391918902703,1.1697852390125962,0,0,1
343.3572262043674,29473.546196689284,171.5806978557408,331.1513402494046,326.27951320033173,0.808960793872757,0,0,1
343.45724287381233,29490.71942062023,174.00105615735305,342.05846034425184,260.6100304320816,0.745916698479882,0,0,1
343.5572595432572,29507.897646218247,172.6676668939085,327.2563401329711,287.0066882960655,2.2779788263708123,0,0,1
343.65727621270213,29525.080873483363,172.40238252735548,334.93810791536407,315.76934705405984,1.3818052113326826,0,0,1
343.75729288214706,29542.26910241556,170.6023420245352,333.8330900753905,410.3531162093855,1.7065941326739793,0,0,1
343.8573095515919,29559.462333014828,170.64034715833242,338.5199241087048,324.4052145021837,2.430446263817746,0,0,1
343.95732622103685,29576.660565281192,172.27137859266028,333.87568648348025,401.8430043702661,1.3238734299717283,0,0,1
344.0573428904818,29593.86379921464,172.17419264300912,325.614689905771,329.87052505745373,1.2875212475126288,0,0,1
344.15735955992665,29611.07203481516,171.464557214955,333.16014678278043,299.245124279979,1.506075155789522,0,0,1
344.2573762293716,29628.28527208277,172.26967081429785,329.56492653322056,395.31234263614976,1.619921320503506,0,0,1
344.3573928988165,29645.50351101747,173.76732337745185,334.83363702266445,339.94078142060704,2.6117705813943752,0,0,1
344.45740956826137,29662.72675161924,172.92410725868098,341.6166261394277,285.6994080790448,2.415342184833692,0,0,1
344.5574262377063,29679.954993888103,171.1377046091004,325.7586164026092,341.1098516819844,1.869316972571278,0,0,1
344.6574429071512,29697.18823782405,172.21721262643266,330.4646306137156,302.69753547517496,2.327743522085672,0,0,1
344.7574595765961,29714.426483427076,171.5737633074455,331.71228118874217,217.62176057775577,1.4875004927923678,0,0,1
344.857476246041,29731.669730697187,172.04103820661194,332.57759214753804,363.6185287600574,1.7453521481275822,0,0,1
344.95749291548594,29748.917979634385,172.06513079211334,338.1963776120748,371.31317682166224,1.446005411829781,0,0,1
345.0575095849308,29766.17123023865,172.0511092098614,333.6380288706861,408.2103814520743,0.9510004425563678,0,0,1
345.15752625437574,29783.42948251002,171.3236277552145,336.5947662540398,337.1674729831252,2.168358937096776,0,0,1
345.25754292382067,29800.69273644847,172.50111678039215,331.39688907372323,303.3713279361755,1.8806460338780977,0,0,1
345.35755959326553,29817.960992053988,172.11817215978544,335.68537768641625,357.30438346037084,1.607985289774843,0,0,1
345.45757626271046,29835.234249326604,169.79933944135297,338.4347457806596,357.793545331016,1.5041206055731684,0,0,1
345.5575929321554,29852.512508266303,174.83176849057935,330.8942615445301,396.9644030564303,0.9605598735441726,0,0,1
345.65760960160026,29869.795768873075,173.9175744550168,338.4725515591926,312.5669812802841,1.185651314973983,0,0,1
345.7576262710452,29887.08403114694,172.5025124105976,334.83762647074235,306.26763387735986,1.7829312140068456,0,0,1
345.8576429404901,29904.37729508789,172.94764051998564,339.81306549646024,278.5177829668903,1.3688607052927644,0,0,1
345.957659609935,29921.67556069591,171.80717545764992,333.58866646060864,340.9167309560335,1.4773034744326052,0,0,1
346.0576762793799,29938.978827971023,174.7245610175008,336.5119909037485,236.37936692813275,1.6566998099035364,0,0,1
346.15769294882483,29956.287096913224,174.97613516918554,334.41273813648985,352.345843596842,1.378694481552472,0,0,1
346.2577096182697,29973.600367522497,173.28554853738137,334.14470965162405,342.6824563945028,1.1636500612654623,0,0,1
346.3577262877146,29990.91863979886,174.20239378804266,335.9304247698999,342.2936363445424,0.8803784863693531,0,0,1
346.45774295715955,30008.24191374231,173.4041582575137,337.3298116418405,319.70101437961614,1.5793524072775744,0,0,1
346.5577596266044,30025.57018935283,171.94215437442628,328.4079514030404,389.1884915161764,1.9010057468107304,0,0,1
346.6577762960493,30042.903466630447,172.917064779061,341.8339456736943,355.8892790880964,0.8103200860612377,0,0,1
346.7577929654943,30060.24174557515,173.5108244495191,325.3774640938004,281.68597285709615,1.645095441644839,0,0,1
346.85780963493914,30077.58502618692,172.97435709872613,331.26172041479947,282.33130632221537,1.7751075891907715,0,0,1
346.95782630438407,30094.93330846579,173.260259874757,334.2244372766139,267.5571941298905,1.1517538705141637,0,0,1
347.057842973829,30112.286592411736,173.4375219294054,336.7675641428126,338.8558768855819,2.36509149454874,0,0,1
347.15785964327387,30129.64487802476,173.49805132377148,342.5966486030343,261.0357889241157,1.4637214069454016,0,0,1
347.2578763127188,30147.00816530488,173.68119664685688,325.43433019014634,364.9635660383255,1.6137076660730578,0,0,1
347.3578929821637,30164.37645425208,172.61834142468527,332.19731865626784,376.6940471239429,1.539035557034942,0,0,1
347.4579096516086,30181.74974486635,173.01193867667635,324.1116235261645,266.3461899219724,0.7507236379149346,0,0,1
347.5579263210535,30199.128037147715,172.49437889482678,334.9139025016566,300.7713969589872,2.1188928917492467,0,0,1
347.65794299049844,30216.511331096164,174.80678704493542,336.12421222155,310.6318915733037,1.234826046167396,0,0,1
347.7579596599433,30233.89962671169,171.77333288813134,342.72977467685064,353.7522176838767,1.4665125179760643,0,0,1
347.85797632938824,30251.292923994308,175.08257850801104,335.3889714374061,389.7726437761207,2.0233863899856708,0,0,1
347.9579929988332,30268.69122294401,175.36534589667943,340.0159249470952,343.70856658035166,2.4673418143833588,1,0,1
348.05800966827803,30286.09452356078,173.7268242471564,337.7249863745231,292.90186369592817,1.1263082498572987,0,0,1
348.15802633772296,30303.502825844647,171.4758760810342,332.63956164874645,295.26307371901305,1.3493754594231668,0,0,1
348.2580430071679,30320.9161297956,173.76771094161666,327.78100056675663,238.28362222422652,2.359220692147522,0,0,1
348.35805967661275,30338.334435413624,174.11484567701757,336.21081745912034,283.8150178636293,1.9146672948689705,0,0,1
348.4580763460577,30355.75774269874,173.21843995309993,327.3852975488789,329.212567137522,1.9803693858362164,0,0,1
348.5580930155026,30373.18605165094,173.76382811394305,341.3318446648985,293.64397294230554,1.1422805002901733,0,0,1
348.6581096849475,30390.619362270216,175.85925004133708,334.05550045831063,230.1008547337159,1.5689775816785558,0,0,1
348.7581263543924,30408.057674556585,175.04399033949795,340.8516996929963,450.7902399024007,1.6389597598296357,0,0,1
348.85814302383733,30425.50098851004,173.50450739754058,332.4847421317217,320.1493867005783,1.227904768631696,0,0,1
348.95815969328225,30442.94930413057,172.8814806770457,336.2400699013332,312.1797848275693,0.793363714210754,0,0,1
349.0581763627271,30460.40262141818,174.2020708637538,335.9525619229462,251.4535413370335,1.4312941908816597,0,0,1
349.15819303217205,30477.86094037288,174.36563973673557,334.69059871316256,319.1401448863912,2.370703855764992,0,0,1
349.258209701617,30495.324260994665,175.1253040381718,332.7625234031787,297.64932085561907,1.7560023333600974,0,0,1
349.35822637106185,30512.792583283524,174.14379647296326,336.8981027294588,211.18920850747324,2.3711942170171163,0,0,1
349.4582430405068,30530.265907239474,175.24062109561524,330.31500798663467,251.85817188713972,1.8209524928785996,0,0,1
349.5582597099517,30547.74423286251,176.7142838950361,328.9086493261999,344.8730050187514,1.414228587077886,0,0,1
349.65827637939657,30565.22756015262,175.64463921214255,341.1799621045738,402.08354222848106,2.3879429601315074,0,0,1
349.7582930488415,30582.715889109822,174.83105801709,338.61166924934463,322.9970807639864,1.819799604004321,0,0,1
349.8583097182864,30600.209219734108,174.74600438808991,335.31528901483983,359.5493202437327,2.1908745241907006,0,0,1
349.9583263877313,30617.707552025466,174.6224900596858,343.3215445514921,296.3639315949985,1.1704548074456067,0,0,1
350.0583430571762,30635.21088598392,176.20981244104024,333.6670067120934,299.5811244072218,2.293471836671957,0,0,1
350.15835972662114,30652.71922160945,174.45186641735927,341.629352072607,358.2143138055753,2.231711370797047,0,0,1
350.258376396066,30670.232558902066,175.17441090703298,335.90370806423573,386.5613512775661,1.873438385264302,0,0,1
350.35839306551094,30687.75089786177,175.23039443463657,329.9120855561692,368.2346401410125,1.3275348184819735,0,0,1
350.45840973495586,30705.274238488557,174.7274206746664,344.28604193234986,249.61916444740967,1.686147066279634,0,0,1
350.55842640440073,30722.80258078241,173.90674765431626,340.0093968735605,299.34708039434446,1.97957323138042,0,0,1
350.65844307384566,30740.335924743365,175.6521960405405,334.4607391523368,316.3291596167947,1.866750570006849,0,0,1
350.7584597432906,30757.8742703714,175.31822589978992,338.71170227199883,289.2271213348988,2.035371823233457,0,0,1
350.85847641273546,30775.41761766651,175.9294786758043,333.067330471284,321.3621842779011,2.267805077231272,0,0,1
350.9584930821804,30792.965966628715,174.94564623465104,339.2415944835157,342.7566286122177,1.3943818160412955,0,0,1
351.0585097516253,30810.519317258,176.7500761746257,323.1504581487427,351.6269497183558,1.220647734142132,0,0,1
351.1585264210702,30828.07766955436,174.70248942932324,330.0168459736341,385.5388368391826,1.6893043803121468,0,0,1
351.2585430905151,30845.641023517812,177.34131182927544,340.0221530304863,284.53233396067515,1.6599389646060434,0,0,1
351.35855975996003,30863.20937914835,173.93164337015176,333.8875782849014,232.56198363081123,2.067911790979631,0,0,1
351.4585764294049,30880.782736445963,176.16405827925934,336.1835691173842,318.4348168022798,1.2348146031790712,0,0,1
351.5585930988498,30898.361095410663,176.2547272319515,328.4219309993078,394.473276288491,2.286278864013424,0,0,1
351.65860976829475,30915.944456042453,175.0337478162065,344.40519595534,276.193761604272,2.3992382197272653,0,0,1
351.7586264377396,30933.53281834131,176.30370715673084,341.1285108623623,334.1449254191555,1.7784169224728597,0,0,1
351.85864310718455,30951.126182307267,177.20884022335244,334.1824382188418,334.3500800912292,1.849189372648336,0,0,1
351.9586597766295,30968.724547940303,173.76251104896068,333.1723866933463,308.8952985205739,1.2840171487302192,0,0,1
352.05867644607434,30986.32791524041,176.532083030528,340.3538894517059,299.430029522003,1.5171068871914295,0,0,1
352.15869311551927,31003.93628420762,173.58607573742955,345.1282215623966,252.67312197767995,1.4561364416747464,0,0,1
352.2587097849642,31021.549654841907,175.1636900889589,339.9946722575532,184.52245876096524,2.44955766364742,0,0,1
352.35872645440907,31039.16802714327,177.8085295921055,346.09488598242393,242.7741983383259,1.810108004038483,0,0,1
352.458743123854,31056.791401111725,175.64758952853495,330.6341176670758,278.6128885238627,1.0881766300610347,0,0,1
352.5587597932989,31074.41977674726,175.1054999322405,331.158941826836,352.7607835241115,1.853230584420936,0,0,1
352.6587764627438,31092.053154049878,176.13145050238722,329.32117205600764,292.4949899218874,2.183763200084714,0,0,1
352.7587931321887,31109.691533019577,178.4473029042579,337.4846825614663,271.4620415404452,1.8626428635343333,0,0,1
352.85880980163364,31127.334913656367,174.5977226536108,336.16389872918523,252.62618024358125,2.4381569962690124,0,0,1
352.9588264710785,31144.983295960228,175.4281033238999,334.53612702974795,329.77805887734,2.1283902702780617,0,0,1
353.05884314052344,31162.636679931184,178.02685325344137,339.35217745466883,364.6181309875533,1.3314592392015825,0,0,1
353.1588598099684,31180.295065569226,178.43713224852192,341.47752900707013,349.63475392504955,1.5991630404509865,0,0,1
353.25887647941323,31197.958452874333,176.52600701541633,327.69757560150714,326.5333377848244,1.90127929952861,0,0,1
353.35889314885816,31215.62684184654,175.44039387190244,332.35102917538023,222.20829009074487,0.9070794244733864,0,0,1
353.4589098183031,31233.300232485828,178.8252984109607,339.4466089524456,278.1684793767779,2.061018658315935,0,0,1
353.55892648774795,31250.97862479219,178.37390563562315,333.0171992294819,392.8808564170472,0.991173845353942,0,0,1
353.6589431571929,31268.662018765644,177.50841856635867,331.3748639339285,351.37681221500355,2.3441019247543893,0,0,1
353.7589598266378,31286.350414406184,176.0670775643815,340.4685831209157,218.1679583959477,2.221403438259655,0,0,1
353.8589764960827,31304.0438117138,176.8804589072033,328.9383973009884,292.02761372672694,2.056424336031533,0,0,1
353.9589931655276,31321.742210688502,176.81913650171896,333.8880002775972,312.7262708382363,1.4633423067097364,0,0,1
354.0590098349725,31339.44561133029,177.36035622210184,337.0491211125213,256.22782396089843,1.91077410564734,0,0,1
354.1590265044174,31357.15401363916,178.53051469034003,332.54680308089115,178.64013238648772,1.622500825883563,0,0,1
354.2590431738623,31374.86741761511,178.00893862806856,339.3416825974521,298.8063103394528,1.339795633436899,0,0,1
354.35905984330725,31392.585823258152,176.10215384466886,332.59152110834384,254.24215797569656,1.5999484729982905,0,0,1
354.4590765127521,31410.309230568266,178.6060347063956,342.4890051185048,254.2031346564838,2.231813002639865,0,0,1
354.55909318219705,31428.037639545477,177.59267873111168,334.8271778307408,275.426542203738,1.858119917732325,0,0,1
354.659109851642,31445.771050189764,178.0166207216799,338.822261668691,286.2422907424181,2.5809099757083973,0,0,1
354.75912652108684,31463.50946250113,178.84610411982203,339.20603241702275,292.2376605804693,2.276696593145448,0,0,1
354.85914319053177,31481.252876479582,176.31799134575232,332.3482143053328,248.2582065344671,2.108244942365643,0,0,1
354.9591598599767,31499.00129212512,177.44375435128188,325.2284832427182,281.2133134295224,1.0249882247623452,0,0,1
355.0591765294216,31516.754709437737,176.99813371335156,337.3096964262613,204.11889690733983,1.6667438647130075,0,0,1
355.1591931988665,31534.51312841744,176.01173717406778,335.87736105551096,307.30848114809135,1.2331315343952187,0,0,1
355.2592098683114,31552.276549064238,177.97631491176062,338.3050511247068,148.70940645128425,1.7622085978312585,0,0,1
355.3592265377563,31570.044971378094,180.19116982046256,334.40328529186144,276.8155089723664,1.6103420761088536,0,0,1
355.4592432072012,31587.818395359056,175.88954385909486,333.39378582671657,337.0163430413758,1.571116520806112,0,0,1
355.55925987664614,31605.596821007097,177.7473493272736,345.5982910425731,237.85720969588783,2.3738347140961418,0,0,1
355.659276546091,31623.38024832221,178.47018120812027,328.2041573470552,326.4131491341845,2.114029025473233,0,0,1
355.75929321553593,31641.168677304417,178.00272480942414,339.2456817133748,348.1458554897116,2.358476007097257,0,0,1
355.85930988498086,31658.96210795371,177.81652688997468,332.7129216975811,124.7319890830194,1.04606676514885,0,0,1
355.95932655442573,31676.760540270072,176.68044691376704,333.91703956674047,282.32679409651433,1.8240551989503213,0,0,1
356.05934322387066,31694.56397425353,178.2624583548755,334.0204201595172,145.87440605593096,2.35018807875565,0,0,1
356.1593598933156,31712.372409904077,177.32291596964183,331.5987646184753,283.52097876703044,2.5771259800730357,0,0,1
356.25937656276045,31730.185847221688,175.93976657640167,338.48205870745727,288.8413494026118,0.9880923405991788,0,0,1
356.3593932322054,31748.0042862064,179.37428883661642,342.5891573029704,164.84140471190022,1.7427024274446157,0,0,1
356.4594099016503,31765.827726858188,179.1880907706672,337.9960092963984,384.9794011687779,2.426847137986913,0,0,1
356.5594265710952,31783.65616917705,178.33137426239867,336.17285263817,302.8073373574702,1.7738672076843556,0,0,1
356.6594432405401,31801.48961316301,178.55879630847576,330.7337418285577,245.8246239883548,1.4252874344815412,0,0,1
356.759459909985,31819.32805881605,179.45404796770808,338.26007232012074,361.3142001421333,1.1471841549285022,0,0,1
356.8594765794299,31837.17150613617,178.65407794649303,346.46769581658947,198.03418532026376,1.410552432261516,0,0,1
356.9594932488748,31855.019955123375,179.38376417919872,333.792476205912,226.1260965245632,1.074437400322164,0,0,1
357.05950991831975,31872.87340577767,178.23227275828603,333.82603309507266,172.38185798063495,1.894678166774426,0,0,1
357.1595265877646,31890.73185809904,179.8917470324563,332.9105070038715,377.1770639230409,2.390949250473693,0,0,1
357.25954325720954,31908.59531208749,178.95055735453747,333.2788831532489,303.5124764227716,1.268173958968309,0,0,1
357.35955992665447,31926.46376774304,178.8738319069331,322.0094582243035,319.63578476882384,2.023959155464658,0,0,1
357.45957659609934,31944.33722506565,177.45972720933764,337.7711345888885,301.48647792677605,2.252811370343839,0,0,1
357.55959326554427,31962.21568405536,179.06675248707384,331.52819844478137,314.89570862297245,1.9027180058393611,0,0,1
357.6596099349892,31980.09914471216,177.99785005000015,327.71464539954,289.88229382920144,1.0493484912011082,0,0,1
357.75962660443406,31997.987607036022,178.24153057568853,339.54191240910615,299.2957459256478,2.058979227255697,0,0,1
357.859643273879,32015.88107102698,178.11444600862336,330.3758754021782,290.9013041980763,1.832714719704541,0,0,1
357.9596599433239,32033.779536685022,177.91359503976273,334.1026207249136,254.86317849957877,1.7725892706349764,0,0,1
358.0596766127688,32051.68300401014,181.1546097094013,343.1381796172198,282.7333495566827,1.7296859511958451,0,0,1
358.1596932822137,32069.59147300235,180.41118570309527,328.76989033809883,298.5163180220483,2.0108426587334494,0,0,1
358.25970995165864,32087.504943661643,181.0502224779736,328.162979822177,290.1362292343265,2.25298069427751,0,0,1
358.3597266211035,32105.42341598801,177.9569682909962,337.18250360992204,210.4925339771661,3.0481489749214155,0,0,1
358.45974329054843,32123.34688998147,179.3011253951851,341.5934111491067,216.90435410714545,1.9711844102425744,0,0,1
358.55975995999336,32141.275365642014,177.9863723547926,327.9842674073396,338.0684893251236,2.609740872638011,0,0,1
358.6597766294382,32159.20884296963,178.63419343752204,337.9044263471297,268.3496272003755,2.062860463978935,0,0,1
358.75979329888315,32177.14732196434,178.461769666025,338.7809770296968,312.7086903397022,1.8262517748587008,0,0,1
358.8598099683281,32195.09080262613,180.6694889906056,325.5901785783712,228.63970247799443,2.054061934467719,0,0,1
358.9598266377729,32213.039284955,179.08368364078473,339.88848935331345,209.36186044569428,1.2939932970748085,0,0,1
359.0598433072179,32230.992768950964,180.59830098730296,340.28901372993266,240.6129611580025,2.1293123898642907,0,0,1
359.1598599766628,32248.951254614007,180.18405087791996,334.35705813138617,271.43835680032544,0.9606095078620334,0,0,1
359.25987664610767,32266.914741944125,181.93357707515864,342.1877194761008,249.0835948319198,1.6095992170756768,0,0,1
359.3598933155526,32284.883230941337,178.20050243463658,341.6182672031795,346.811466166918,1.9189097540923796,0,0,1
359.4599099849975,32302.85672160563,180.9891882322856,336.46158062708577,290.865315917672,2.5921242045667747,0,0,1
359.5599266544424,32320.835213937,180.92640419762196,333.6987657138196,374.1106230672761,2.707425409086428,0,0,1
359.6599433238873,32338.81870793546,178.85659282391663,331.1018548694739,301.65882146601405,1.7760201652107537,0,0,1
359.75995999333225,32356.807203601005,180.88711333313927,335.7881784525023,160.58577467036235,2.0680835942437983,0,0,1
359.8599766627772,32374.800700933632,180.26613329441483,338.83479226479864,333.79047772972905,2.4527240109453343,0,0,1
359.95999333222204,32392.79919993333,179.7525204061576,334.37511502801897,205.2860780162952,1.2714751318657247,0,0,1
360.06001000166697,32410.80270060013,179.20606951386148,325.01849597385655,292.06578398201407,2.1129474222920783,0,0,1
360.1600266711119,32428.811202934008,179.36090388410676,342.35957213999404,241.5805188248064,1.503870749037696,0,0,1
360.2600433405568,32446.82470693496,182.17983376606432,336.97712044328017,387.2260739790064,1.9670781070343888,0,0,1
360.3600600100017,32464.84321260301,180.18071282395832,334.137883517616,351.84639849281365,1.7269718955617173,0,0,1
360.4600766794466,32482.86671993813,181.0121683412548,340.33179961006107,242.55162907601945,2.213918231359844,0,0,1
360.5600933488915,32500.89522894033,179.4891472927782,343.6792023173029,273.0511158258371,2.198982791883699,0,0,1
360.6601100183364,32518.92873960963,179.55020206294657,322.0564531543942,291.4254196729321,2.372237897647524,0,0,1
360.7601266877813,32536.96725194601,181.4620481531406,338.2473309183885,322.1429154718467,2.1920764721661112,0,0,1
360.8601433572262,32555.01076594946,179.08049546706158,328.9527682816709,280.2066818150661,1.990539720404632,0,0,1
360.96016002667113,32573.059281620008,180.0648662454303,338.59156853666184,227.28139399372728,2.87799946084104,0,0,1
361.06017669611606,32591.11279895764,180.56411575913023,336.7456536814845,242.4254380828953,1.2125685809293327,0,0,1
361.1601933655609,32609.17131796234,180.69146928462047,339.29465196875884,277.8566894777385,2.828645531413952,0,0,1
361.26021003500585,32627.234838634136,180.4510117324868,333.6297829310273,339.5812155195395,1.824437067390738,0,0,1
361.3602267044508,32645.303360973016,181.0759331333213,326.7698221113493,299.0280247814895,2.2847563268219715,0,0,1
361.4602433738957,32663.37688497897,181.42297744276564,333.89418338110625,238.74332834369656,1.8532530180931053,0,0,1
361.5602600433406,32681.45541065201,181.5147675671296,338.190264180033,309.6108340839105,1.6692640586484968,0,0,1
361.6602767127855,32699.538937992143,179.8443345477249,341.24298931465466,257.6212512406503,2.182842921137752,0,0,1
361.7602933822304,32717.627466999347,180.5959915931864,330.3168728358604,321.26936875026456,2.497335985062357,0,0,1
361.8603100516753,32735.720997673645,182.1249178877146,341.3213331395326,402.8781418921208,2.286801440329934,0,0,1
361.9603267211202,32753.819530015026,181.874810548134,332.9566712238794,258.365131949975,1.7670040115997714,0,0,1
362.0603433905651,32771.92306402348,179.65731224380147,338.0182837470291,316.1657149000312,3.737411385435312,0,0,1
362.16036006001,32790.031599699025,181.4316599303572,333.66656624167285,238.594973482001,2.615790528198357,0,0,1
362.26037672945495,32808.145137041654,179.15196311535266,337.136890811506,270.03081150674234,2.3747180331372006,0,0,1
362.3603933988998,32826.26367605136,181.22713160151028,340.6954275127414,276.9016504633202,1.830124022771554,0,0,1
362.4604100683448,32844.38721672816,183.12797205091837,330.1109706203918,265.5190657007482,1.7872818019486778,0,0,1
362.56042673778967,32862.51575907204,180.33232065162585,332.8565131900448,398.1338219137837,1.8237724667770348,0,0,1
362.66044340723454,32880.64930308299,180.4958986581257,337.1908572774339,259.433548561074,2.5121931921287914,0,0,1
362.76046007667946,32898.78784876104,182.1442598199126,348.2839643128197,303.88601996128654,1.555943583273844,0,0,1
362.8604767461244,32916.93139610617,179.88743685785255,331.9700991137783,177.8195160493185,1.4084885501006503,0,0,1
362.96049341556926,32935.07994511838,180.8474916778996,346.4967187715415,295.7042798032343,2.258095759435484,0,0,1
363.0605100850142,32953.23349579767,182.12669618008889,346.3281675268773,330.98794885697805,2.209982858281232,0,0,1
363.1605267544591,32971.39204814405,180.94597752954016,335.829496921938,304.057006914648,1.6078975685947037,1,0,1
363.260543423904,32989.55560215751,181.394301724741,334.83529171139094,147.9361732913055,1.4690915988043252,0,0,1
363.3605600933489,33007.724157838056,182.4244657569895,332.8757300160114,271.2959851209337,2.783965232608362,0,0,1
363.4605767627938,33025.89771518569,182.15183446493347,336.00504502461604,273.86923422515,2.2301194118232,0,0,1
363.5605934322387,33044.07627420039,182.0471151124148,329.3224621804261,308.9954371713552,1.3647180305587976,0,0,1
363.6606101016836,33062.25983488219,181.49118277157177,335.9848659235654,373.1186539779756,1.3725775584196054,0,0,1
363.76062677112856,33080.44839723107,182.25037450083323,343.8604640463671,253.35281175566675,1.8756975740400557,0,0,1
363.8606434405734,33098.64196124703,181.80658904018696,333.33063903167374,229.32325454668907,2.401153902193672,0,0,1
363.9606601100184,33116.84052693008,182.43813566493492,335.19244449105656,213.5741113313345,2.3631945444590428,0,0,1
364.0606767794633,33135.04409428021,181.53340636461365,327.9003653066101,281.60644700852447,2.587278974920605,0,0,1
364.16069344890815,33153.25266329741,181.8977777500745,338.28637978554605,295.45291780250494,1.294008525265628,0,0,1
364.2607101183531,33171.466233981715,181.1403972666245,337.74847943659216,243.98529765655755,2.114342187597425,0,0,1
364.360726787798,33189.6848063331,182.1453557838928,336.75458447760866,309.9852408435405,2.7642546593276056,0,0,1
364.46074345724287,33207.90838035155,181.4193708649926,335.3619390946136,294.1035171113285,2.6823089326930774,0,0,1
364.5607601266878,33226.1369560371,181.1663336131819,334.99228641880654,272.7792808574949,2.183125347337972,0,0,1
364.6607767961327,33244.37053338973,182.5890495459217,338.9755788481166,422.34331834223934,3.2471435369579056,1,0,1
364.7607934655776,33262.60911240944,182.59313650864647,336.33199633861466,246.09176643144897,2.3779786890579078,0,0,1
364.8608101350225,33280.85269309624,183.21327880245985,338.06094037127895,148.48111977008247,2.6254902599720555,0,0,1
364.9608268044674,33299.10127545012,182.04928783265865,337.5709967677195,281.54231315033906,2.068816296880085,0,0,1
365.0608434739123,33317.354859471074,182.93847458379287,342.12322078287,270.8542723635022,1.699951847288343,0,0,1
365.1608601433573,33335.61344515913,183.1312276439523,339.901056501211,278.74557802763576,1.6624222701494615,0,0,1
365.26087681280217,33353.87703251426,183.07521221423264,337.4903968970312,294.3221722217414,2.188045288299092,0,0,1
365.36089348224704,33372.14562153647,181.85479305832135,344.1281995014856,288.1820610208912,1.9313337561358608,0,0,1
365.460910151692,33390.41921222577,182.8798185581172,338.64743366045195,263.1567650703633,1.2032349876701356,0,0,1
365.5609268211369,33408.69780458215,183.14460370662312,343.08090612606577,270.89443567412013,1.587796482614027,0,0,1
365.66094349058176,33426.9813986056,182.8376502121988,339.6008073909913,198.03049396684827,1.926234489873087,0,0,1
365.7609601600267,33445.269994296155,180.79400242164223,327.366500621345,238.8457355377504,2.349394670342287,0,0,1
365.8609768294716,33463.563591653794,183.0909780387093,343.11027149954384,270.3409451244946,2.089985518331936,0,0,1
365.9609934989165,33481.8621906785,185.1930277888555,337.271980556605,230.8105097230925,2.168386328131365,0,0,1
366.0610101683614,33500.165791370295,182.6704658154237,336.3463271623323,310.39669571387947,1.5837014700193044,0,0,1
366.16102683780633,33518.47439372918,182.35243632104783,338.0228444212285,234.24369046016847,2.0730538982154294,0,0,1
366.2610435072512,33536.78799775514,183.503870313337,334.9011885409398,277.776874707213,2.7781956476564824,0,0,1
366.3610601766961,33555.10660344819,183.49290829881463,337.7712503196143,272.57636753484286,2.1958834292499434,0,0,1
366.46107684614105,33573.43021080833,184.42327358848692,333.68672735289863,303.8486156995792,1.4113943242903852,0,0,1
366.5610935155859,33591.75881983553,182.02267860188408,343.02747064523044,311.3611166845718,1.4195284252424083,0,0,1
366.6611101850309,33610.09243052983,184.0619353450904,336.09817045039784,300.81018099828714,2.441127548730002,0,0,1
366.7611268544758,33628.43104289122,183.97098548848936,334.76319347183545,160.59540321373242,2.029980961667562,0,0,1
366.8611435239207,33646.774656919675,183.28842522501975,332.0614852737957,325.39045374654864,2.0705773873759203,0,0,1
366.9611601933656,33665.12327261523,183.81926741460447,338.03999496507976,341.83596071247723,1.82812201311612,0,0,1
367.0611768628105,33683.476889977865,184.5600459130036,337.6416531869065,241.1520084013375,2.4237178502602243,0,0,1
367.16119353225537,33701.83550900757,184.4529121461561,338.65824242161307,276.8784111875913,2.016099369368274,0,0,1
367.2612102017003,33720.19912970437,182.4875857887764,331.58986158264435,220.2924941699957,1.974820779534991,0,0,1
367.3612268711452,33738.56775206826,184.5007716223281,328.73021669305666,167.2033350128445,1.743381637269095,0,0,1
367.4612435405901,33756.94137609922,183.6659331652625,339.87408086659184,227.4748486599726,2.5876221742858005,0,0,1
367.561260210035,33775.32000179727,183.85350420303303,344.17933533038604,237.19218083077357,2.025647325876812,0,0,1
367.66127687948,33793.7036291624,183.90383543074168,331.6343595759985,246.245286247056,2.4426909242870964,0,0,1
367.7612935489248,33812.092258194614,183.73040378566412,344.723335772701,215.8309773335873,1.5332212906033098,0,0,1
367.86131021836974,33830.48588889391,185.12236260629197,338.2056863155189,226.8944513856364,3.067726432109901,0,0,1
367.96132688781466,33848.8845212603,183.8969454840581,336.7608181660273,262.8045902759942,2.7770903583779383,0,0,1
368.06134355725953,33867.28815529376,182.9111256502466,334.81839087299704,224.6329224361694,1.134182725844758,0,0,1
368.16136022670446,33885.69679099431,183.6871502573825,329.8935459255454,290.11002192193394,1.7268738791966114,0,0,1
368.2613768961494,33904.11042836195,184.3093831648852,341.7647802692379,296.8065399008115,2.398083491189829,0,0,1
368.3613935655943,33922.52906739666,185.40991156709416,332.95810754937145,381.5327648747865,1.555730863270827,0,0,1
368.4614102350392,33940.95270809846,184.83379980246843,332.947107644816,318.58741247294495,2.1201911056352016,0,0,1
368.5614269044841,33959.381350467345,183.43017817349505,341.8157742398832,274.2487750135695,2.328270448380372,0,0,1
368.661443573929,33977.81499450331,186.8159117036434,327.4512271240343,230.8707812899964,2.196591718686325,0,0,1
368.7614602433739,33996.25364020636,184.6455054326649,329.2581569709966,276.3619053949606,2.445787828490909,0,0,1
368.8614769128188,34014.69728757649,185.7061291944084,336.7954764737415,277.7950450225099,1.8842555273328985,0,0,1
368.9614935822637,34033.145936613706,184.3290323575546,338.3625715032506,235.5904691854008,1.038172830044875,0,0,1
369.0615102517086,34051.59958731801,185.06411437055976,339.3298242650155,300.23373734199595,2.688850395579696,0,0,1
369.1615269211536,34070.058239689395,185.4202319650952,335.4071602251341,190.9334777648267,2.704035291869013,0,0,1
369.2615435905984,34088.521893727855,185.84896650705343,349.5780027022683,248.409764708844,3.4901535495603517,0,0,1
369.36156026004335,34106.99054943341,185.7381484353999,335.7966932321752,288.2142242970567,1.1289879486981256,0,0,1
369.4615769294883,34125.46420680604,185.60298546481712,335.7922269324352,245.83380552226063,2.600992344012573,0,0,1
369.56159359893314,34143.942865845755,184.46571006827247,332.971226015824,249.66717089294423,1.1828681421139269,0,0,1
369.66161026837807,34162.42652655256,184.25905909223297,337.5856951094432,252.90764262595675,3.0349601048734174,0,0,1
369.761626937823,34180.91518892645,185.2134209792357,340.05096885401616,217.8090845978314,2.449401193834851,0,0,1
369.8616436072679,34199.408852967405,185.863949875975,343.00405463339405,318.0765703500327,1.7631495343403685,0,0,1
369.9616602767128,34217.90751867546,184.75810943757975,329.5497447054702,208.2721833738176,2.57222910489566,0,0,1
370.0616769461577,34236.4111860506,186.0960104387933,335.77619100283727,274.8747424658048,1.9746750253035377,0,0,1
370.1616936156026,34254.91985509281,186.53346355328748,339.249687415606,279.44204592878697,2.4243000615559525,0,0,1
370.2617102850475,34273.43352580212,184.21453422345036,339.9614587014774,211.121596534979,2.2574368433612286,0,0,1
370.3617269544925,34291.9521981785,184.34394277344995,337.0689159844719,262.0011104241267,3.0331046594515128,0,0,1
370.4617436239373,34310.47587222196,185.0904967530633,339.75829421005426,212.6576605740277,3.106610584565133,0,0,1
370.56176029338224,34329.00454793252,185.5884928148803,333.0113565647092,327.48492973445786,1.926193369553512,0,0,1
370.6617769628272,34347.53822531016,184.8063214676465,344.85570485787446,200.78736103529167,2.7136353801207065,0,0,1
370.761793632272,34366.07690435487,186.7330994950032,342.0393198781244,224.8255200749153,2.462010559189744,0,0,1
370.86181030171696,34384.620585066674,185.8549720123769,330.36154209484584,196.10315613914565,1.5323062973419657,0,0,1
370.9618269711619,34403.16926744556,185.52036053382167,331.72066745653245,189.22366672009463,1.873187128398859,0,0,1
371.0618436406068,34421.72295149153,184.09501229643487,331.8715756135262,336.4637287185128,3.3164786945401152,0,0,1
371.1618603100517,34440.28163720458,184.26511433859832,340.5060358854878,283.8362234536777,2.335947728059588,0,0,1
371.2618769794966,34458.84532458472,185.9119477400301,330.7025488658623,263.50685096790625,2.7414995351695444,0,0,1
371.36189364894153,34477.41401363194,183.54835119831597,335.4810676938538,223.45818565009805,2.014852706012568,0,0,1
371.4619103183864,34495.98770434623,186.74359256883727,339.4197130139225,301.4626425827465,2.0151722073844422,0,0,1
371.5619269878313,34514.56639672763,185.6228096495433,336.8253630260509,214.66611222216585,2.240235040372461,0,0,1
371.66194365727625,34533.1500907761,189.07406479823285,338.46063194429115,295.3545448832134,2.276997845800972,0,0,1
371.7619603267211,34551.738786491645,188.18889641397664,331.8471824759283,211.8425259976135,1.6154751657597983,0,0,1
371.8619769961661,34570.332483874285,185.7495394288355,340.16046956660284,223.0383779493984,1.7315094864467069,0,0,1
371.961993665611,34588.931182924,185.87465983027417,334.1301399041811,292.97371898765164,2.5936129521808278,0,0,1
372.0620103350559,34607.5348836408,187.02658668152995,335.58310266151585,298.0469668206965,2.1097363478210878,0,0,1
372.1620270045008,34626.14358602469,187.7841861121684,338.40486133998,284.5254094008739,2.3532377875125143,0,0,1
372.2620436739457,34644.757290075664,184.4929927795368,337.7415954750488,201.9643830427999,2.286058944635037,0,0,1
372.36206034339057,34663.37599579371,184.3946547063406,337.356106129417,231.9082345701835,2.320121538708481,0,0,1
372.4620770128355,34681.99970317885,185.60900370086333,333.49307359139976,261.8861667127267,2.799177411639654,0,0,1
372.5620936822804,34700.628412231075,186.86378442431408,335.7584623122321,211.37399599437725,1.7421321299518904,0,0,1
372.6621103517253,34719.26212295037,186.82792876637023,337.2771289893577,322.1831590439499,2.574714785241156,0,0,1
372.7621270211702,34737.90083533676,187.45083496556896,330.4007865362816,133.33481316810577,2.700109295236679,0,0,1
372.8621436906152,34756.54454939023,185.2313743169423,334.9735495374946,214.29248617599356,2.699317738659404,0,0,1
372.96216036006,34775.19326511078,184.16493631706112,339.23461543117025,227.5486005006779,1.4454854009248383,0,0,1
373.06217702950494,34793.84698249842,187.3891027100546,330.9190346837238,110.62736809653296,2.446720190014972,0,1,-1
373.16219369894986,34812.50570155314,185.7529005765097,343.0991276278662,182.8108823759345,3.091384596968977,0,0,1
373.26221036839473,34831.16942227494,184.61261731980872,343.67428734983866,283.68476379968206,2.125130894195124,0,0,1
373.36222703783966,34849.83814466383,186.8261772648792,331.1104698239835,253.7325808879175,2.531243397678352,0,0,1
373.4622437072846,34868.511868719805,187.52429754186096,344.13432253597915,330.6734725237092,2.7167061210483405,0,0,1
373.5622603767295,34887.19059444285,186.65907305624344,336.6383180941123,329.07642742155514,1.7679589705824077,0,0,1
373.6622770461744,34905.87432183299,186.3732901369047,339.4588005004027,273.2660189786714,3.1826039798350427,0,0,1
373.7622937156193,34924.56305089022,186.72178462566376,334.8929741109207,267.07436850613715,2.533745009223608,0,0,1
373.8623103850642,34943.25678161452,186.5605724301313,342.0014551746402,254.5079284503028,2.5352671710473604,0,0,1
373.9623270545091,34961.95551400591,185.6331164153144,339.4267027996943,118.25634992153184,1.3961229053430348,0,0,1
374.062343723954,34980.65924806438,186.31649118498655,333.33546808940736,181.0817136436105,2.659990036414047,0,0,1
374.1623603933989,34999.36798378993,187.6024601017133,331.5902260395134,255.6428635309982,2.5838814484649557,0,0,1
374.2623770628438,35018.08172118257,187.45286707279843,330.12472553023827,281.20993332287395,3.134799243482059,0,0,1
374.3623937322888,35036.800460242295,187.3492566721112,338.37594825539264,255.21608670802823,2.161559338626604,1,0,1
374.4624104017336,35055.52420096909,186.23605671901345,340.30859809907207,205.38499933529445,1.764681315556392,0,0,1
374.56242707117855,35074.25294336299,187.0997103734536,340.711071101015,296.6786019143586,1.9628325116127197,0,0,1
374.6624437406235,35092.98668742396,185.15415682386887,336.87633890102546,323.73068922904054,1.9499300997418292,0,0,1
374.76246041006834,35111.72543315201,187.5597068689196,331.691263762685,296.3083276090046,1.768972639050452,0,0,1
374.86247707951327,35130.46918054715,188.8600962475702,334.07587371783245,298.6893335519814,3.043482817002506,0,0,1
374.9624937489582,35149.21792960938,186.00711474243695,343.25799256970544,221.04875619989903,2.910412554347161,0,0,1
375.0625104184031,35167.97168033868,186.94532753588376,335.08310821883987,302.6075906774748,2.1978898936152875,0,0,1
375.162527087848,35186.73043273507,187.9103703226341,338.23334086219216,255.89981424566028,2.150762388926273,0,0,1
375.2625437572929,35205.49418679855,188.88411451307397,332.1480019578549,273.9908156068839,1.4919674470783817,0,0,1
375.3625604267378,35224.262942529094,187.2330555970688,339.2191712699689,266.4859472608871,2.6590012743990226,0,0,1
375.4625770961827,35243.036699926735,187.03903821882545,335.25783490122285,241.94147469666024,3.12746048719334,0,0,1
375.5625937656277,35261.81545899146,185.81237374039773,342.7898229454416,204.81733984465785,1.917836783394548,0,0,1
375.6626104350725,35280.59921972326,187.9347433468444,341.43404957454135,243.51242271122905,2.290056682331165,0,0,1
375.76262710451743,35299.38798212216,189.9233895924025,335.0977329775772,296.75928758040163,2.6737836030832542,0,0,1
375.8626437739624,35318.18174618813,188.20868034894585,336.9529442406579,225.14952566032133,3.225375714301112,0,0,1
375.9626604434072,35336.98051192118,187.9590512425199,334.8406848441376,291.6929465517653,2.4496406278046776,0,0,1
376.06267711285216,35355.78427932133,188.35342086719305,330.5091017285601,283.6815425967265,2.468681798357833,0,0,1
376.1626937822971,35374.59304838855,188.07025488719995,333.3290572304937,231.68372288194035,2.4453812983235137,0,0,1
376.262710451742,35393.40681912285,187.31834085361083,338.61735768377827,315.87333947721515,1.603032747284882,0,0,1
376.3627271211869,35412.22559152424,189.0046434762712,339.2625702032666,228.45890006993335,1.682871736601356,0,0,1
376.4627437906318,35431.04936559272,188.45713341842765,338.3890138970264,321.5166337370741,1.9725686787423755,0,0,1
376.5627604600767,35449.87814132827,188.298993481972,336.1476107762145,267.5488541781209,2.87447700294725,0,0,1
376.6627771295216,35468.711918730914,187.35602253748252,342.3316107415571,244.85258106469755,2.1498730666252626,0,0,1
376.7627937989665,35487.550697800645,189.684904831418,337.99398890270135,201.0593371225786,2.178696816495492,0,0,1
376.8628104684114,35506.39447853744,189.0961079795388,341.20255018732087,240.84008092480136,2.137664513337615,0,0,1
376.9628271378563,35525.24326094134,187.92849273156085,328.8274070527731,234.8689600632458,2.2792853766311176,0,0,1
377.0628438073013,35544.09704501231,189.53324675733256,318.09428312263844,181.946116670574,3.2862207069646057,0,1,-1
377.1628604767461,35562.95583075036,188.08385939998783,339.135226186865,233.78432175564583,2.2808543309395146,0,0,1
377.26287714619104,35581.81961815551,187.8494350805845,330.60245944601166,204.2792474829609,1.9507290706998783,0,0,1
377.362893815636,35600.68840722774,187.9217437903377,336.67403086799834,273.57346504563526,2.3603748177894133,0,0,1
377.4629104850808,35619.56219796704,186.96038668945232,336.23580584338504,309.39252687940154,3.174123288679271,0,0,1
377.56292715452577,35638.440990373434,189.2530059576811,345.69329572753026,182.53750203685797,2.1684056634438083,0,0,1
377.6629438239707,35657.32478444691,187.00032703364695,339.7662771471151,329.30361116594736,1.7081903410118568,0,0,1
377.7629604934156,35676.21358018746,187.653036415442,338.6055911833349,237.0657679367981,2.082880158434396,0,0,1
377.8629771628605,35695.10737759511,186.8559005723517,341.97125348945445,194.5475012052732,2.3554458950406123,0,0,1
377.9629938323054,35714.006176669835,188.89542722336185,339.63878731742574,280.99171602176256,2.7444439797181714,0,0,1
378.0630105017503,35732.90997741163,188.88118479060327,335.51791608523286,220.5868152961843,2.9029909131577467,0,0,1
378.1630271711952,35751.81877982053,188.75481737241125,343.17368236839235,238.62842311889227,1.8698267330966816,0,0,1
378.26304384064014,35770.73258389651,188.0889442256495,332.27755374462265,222.30721781095812,1.8813036038887196,0,0,1
378.363060510085,35789.65138963956,188.00929650160583,339.4525419886763,201.49026179469467,2.190817395747733,0,0,1
378.46307717952993,35808.57519704971,189.69590845331155,330.1084587472714,278.3331935155113,2.786350598212517,0,0,1
378.56309384897486,35827.50400612694,188.73099499277893,338.87602867247745,227.6246102751984,1.761388901153543,0,0,1
378.6631105184197,35846.43781687124,189.647913580746,338.83125926070664,169.91358422846753,2.1378014128070677,0,0,1
378.7631271878647,35865.37662928263,188.4963149078081,346.2585875283598,269.10582823489347,2.082312012480411,0,0,1
378.8631438573096,35884.32044336111,189.61263467142587,330.06144491852206,181.08050730493449,2.910400481285504,0,0,1
378.9631605267545,35903.269259106666,190.7848583006933,334.8918801734064,183.50357357605597,2.768602901660304,0,0,1
379.0631771961994,35922.22307651931,190.11775439849248,342.0197298524907,300.6040042104638,2.91923848973162,0,0,1
379.1631938656443,35941.18189559904,189.1691831146057,339.592905668551,180.9639650274595,3.084578091483767,0,0,1
379.2632105350892,35960.14571634585,189.8888042379005,338.82784631019643,124.76613731916976,2.3019046078667937,0,0,1
379.3632272045341,35979.11453875974,189.44094842773683,333.15564420566074,271.5390286191031,1.8364016655293656,0,0,1
379.463243873979,35998.08836284072,189.73950212168424,334.99223264694075,225.0105110071721,1.8560210480273112,0,0,1
379.5632605434239,36017.06718858877,189.45601921956344,344.1815310954587,229.12880831614444,1.5118770419392051,0,0,1
379.6632772128688,36036.05101600392,189.66730340054903,337.7087817525172,224.0945802559864,2.2131474726046334,0,0,1
379.76329388231375,36055.03984508615,190.09374029423105,339.8531278689537,251.21128596060544,2.27393926795798,0,0,1
379.8633105517586,36074.03367583545,188.93829657629732,337.41038941129347,201.80016941361504,2.7964320393918567,0,0,1
379.96332722120354,36093.03250825185,188.96578478361175,332.08090514587155,313.0503710263807,2.4126083990554843,0,0,1
380.06334389064847,36112.03634233533,188.64312939149303,342.6753865194398,165.2417522395678,2.1414652188889245,0,0,1
380.1633605600933,36131.045178085886,188.48140917554292,340.5324979786718,261.1058240909551,2.31987877172488,0,0,1
380.2633772295383,36150.05901550353,188.91440592254864,349.5545219097898,270.7770833756974,1.8818689090988103,0,0,1
380.3633938989832,36169.07785458826,190.3411594562957,332.9584324916456,200.4975528653672,2.9924656668589065,0,0,1
380.46341056842806,36188.10169534006,189.33891776872213,342.15920566284524,187.10267904649996,2.0315590249317843,0,0,1
380.563427237873,36207.13053775896,190.7953280831676,331.49862289360226,288.95752497832615,1.9350918301225744,0,0,1
380.6634439073179,36226.16438184495,190.3664357024115,338.85307722909715,188.3653419624664,2.8901068704481854,0,0,1
380.7634605767628,36245.203227598,188.4132260749433,342.9588790029921,207.38490033139536,2.661276780021966,0,0,1
380.8634772462077,36264.24707501815,191.08671420732557,327.72567214413834,281.8934153878488,1.6595290220863663,0,0,1
380.96349391565263,36283.295924105376,191.29254560341803,337.0716870203572,239.07505090634288,2.960436890554806,0,0,1
381.0635105850975,36302.34977485968,189.5378926177139,335.29030238829665,147.2909797594327,2.06462539488122,0,0,1
381.1635272545424,36321.40862728108,191.0019551701662,334.60656623397864,324.3114461054966,2.3295670445095324,0,0,1
381.26354392398736,36340.47248136956,189.77527372458448,340.0524176536955,210.2684283797603,2.5419823862559694,0,0,1
381.3635605934322,36359.54133712511,190.77945067346445,343.73978459145616,216.44173084704545,2.797482873271952,0,0,1
381.4635772628772,36378.61519454776,189.4672902244836,337.47996415014194,249.17958844372416,2.654288331118129,0,0,1
381.5635939323221,36397.6940536375,188.98869051362647,339.1837915310323,267.45514750294035,2.3804891489963502,0,0,1
381.66361060176695,36416.7779143943,190.4489881112705,338.7379048254729,334.0676052618881,2.27343158477315,0,0,1
381.7636272712119,36435.8667768182,190.7580846893311,338.18538025890325,152.82021736990794,2.709087423416165,0,0,1
381.8636439406568,36454.96064090918,190.5341422767138,332.73965120550514,276.9326204068176,2.431296887813536,0,0,1
381.96366061010167,36474.05950666723,189.79779974682828,343.73858906962465,272.59703064004754,3.3523902935954464,0,0,1
382.0636772795466,36493.16337409238,190.63193957764216,339.6823445687489,228.39998710689983,2.78914330713137,0,0,1
382.1636939489915,36512.27224318461,191.35114172707648,340.1907768449121,274.4337547199566,2.0745264866835824,0,0,1
382.2637106184365,36531.38611394393,191.0869622790957,334.1938229167157,281.5957586845263,2.2825856532385456,0,0,1
382.3637272878813,36550.50498637032,191.36436467453987,335.94027073884195,165.59605675154805,2.5610750463159992,0,0,1
382.46374395732624,36569.6288604638,190.5617567782089,337.3657034071787,321.99480974751305,3.1417439733168204,0,0,1
382.5637606267712,36588.75773622437,192.45359822810173,330.5857525954329,156.38081038333632,3.3043428645690134,0,0,1
382.663777296216,36607.891613652006,190.15571531155325,329.8262061036332,177.36569757919602,2.271413305486357,0,0,1
382.76379396566097,36627.03049274674,191.8694572799172,335.27263974337325,220.85486645495703,2.098709106017577,0,0,1
382.8638106351059,36646.17437350856,192.6137964105129,340.8989848957225,330.00416406479053,2.0772107157271806,0,0,1
382.9638273045508,36665.323255937445,191.96282174502429,335.0306957808054,218.1573448415015,2.697039339441448,0,0,1
383.0638439739957,36684.47714003343,191.32939775993304,333.21235840944604,231.78666928512496,3.686902227062584,0,0,1
383.1638606434406,36703.63602579649,191.0536332750573,334.2429577981557,304.80063085655,2.789063258366037,0,0,1
383.2638773128855,36722.79991322664,192.668026307489,336.049675615562,217.9942797023621,1.8141117423506,0,0,1
383.3638939823304,36741.96880232387,190.25897206590352,336.5670945841325,173.90198652966455,2.1122002139006653,0,0,1
383.46391065177534,36761.142693088186,190.76183106550803,349.1739983262103,211.77586481678088,2.1912291962939467,0,1,-1
383.5639273212202,36780.32158551957,191.3844058951184,343.6294958745586,300.9911316092017,2.127106592964904,0,0,1
383.66394399066513,36799.505479618056,193.06962575284456,343.49026496047514,235.8088719304814,2.4402123068098853,0,0,1
383.76396066011006,36818.69437538362,192.26174796609592,344.21929788737793,328.61276588891764,2.772533357551509,0,0,1
383.8639773295549,36837.88827281626,190.9639429062672,333.39229338628525,268.79097868822925,2.855480394391084,0,0,1
383.9639939989999,36857.087171916,191.67168929411503,332.2845763249638,199.4683134562638,3.100206515973964,0,0,1
384.0640106684448,36876.29107268282,191.4176821901261,332.87204960917416,234.07725174306643,2.8020842450471566,0,0,1
384.1640273378897,36895.49997511671,191.37222467671128,345.08893340047814,188.6773550810045,1.5603465434430237,0,0,1
384.2640440073346,36914.71387921769,193.1109115622241,335.690445456321,197.73158202980528,2.10788791352692,0,0,1
384.3640606767795,36933.93278498576,190.81028720912624,332.1796251564815,454.92256667507934,2.4268463606885606,0,0,1
384.4640773462244,36953.1566924209,193.84081952884657,336.29142673352334,281.71484805607,2.752493728179023,0,0,1
384.5640940156693,36972.385601523136,193.11027669801928,337.2633817429938,273.65393818607333,3.067212764008389,0,0,1
384.6641106851142,36991.619512292455,193.4229170131608,339.8084774369842,199.25558678429616,2.6761688631452683,0,0,1
384.7641273545591,37010.858424728845,191.9191241652543,339.73116783901617,308.709517192234,2.5936977536956585,0,0,1
384.864144024004,37030.10233883233,192.2821312929229,334.3455115830328,285.0169526928443,2.7078971069952185,0,0,1
384.96416069344895,37049.351254602894,191.04892853219977,341.92469803191347,323.94324307475057,2.3917415182509205,0,0,1
385.0641773628938,37068.60517204054,192.0074262743801,335.3104500675386,321.3340391913008,2.616801396982257,0,0,1
385.16419403233874,37087.86409114528,193.0757518638125,337.73503771970866,155.54016757416895,3.1974285228932,0,0,1
385.26421070178367,37107.12801191709,193.92816841267324,341.9602914226951,173.81910464875978,2.6419898245123794,0,0,1
385.3642273712285,37126.39693435598,191.57495686881185,335.3273157174011,178.9382822803139,2.533750712141518,0,0,1
385.4642440406735,37145.67085846197,192.36661608335143,335.6996672861617,181.74738151872572,2.5770275094839032,0,0,1
385.5642607101184,37164.94978423504,192.63083113482668,341.5147663194776,244.93391910350527,3.2578226298499304,0,0,1
385.66427737956326,37184.23371167518,191.43634948758915,334.27776185493127,200.2381619468881,1.9870085699740196,0,0,1
385.7642940490082,37203.522640782416,193.4734962662625,336.65246928688043,332.02544158991554,3.545431274194481,0,0,1
385.8643107184531,37222.81657155673,192.20816502748397,341.3651419620598,323.4468348778558,1.996590616947438,0,0,1
385.964327387898,37242.11550399813,192.786773342772,348.8668949459697,393.42931375712897,2.290772500490649,1,1,-1
386.0643440573429,37261.41943810661,192.5802226567596,341.633456929548,325.6142422231459,2.978405367696574,0,0,1
386.16436072678783,37280.72837388218,192.29284185767423,340.97963488762883,302.0724269639446,3.104767746484224,0,0,1
386.2643773962327,37300.04231132482,193.1251437126358,341.28044565798695,204.94827758398364,1.9356117870831768,0,0,1
386.3643940656776,37319.36125043456,192.9665874542708,333.2704880362325,126.84089392053777,2.081871778256326,0,0,1
386.46441073512256,37338.68519121138,192.8603474852826,339.2244247669118,216.22144297432263,2.761031813416205,0,0,1
386.5644274045674,37358.01413365527,192.55375208060337,338.5076102987747,194.7071021741628,3.776730156153091,0,0,1
386.6644440740124,37377.348077766255,193.65174670778916,340.27436710926503,237.0819817799921,3.290984643719092,0,0,1
386.7644607434573,37396.68702354433,195.0358476402209,339.2589863367251,231.0367518337351,2.624975349880144,0,0,1
386.86447741290215,37416.03097098947,193.5721259392902,340.5849461283758,229.54500245882812,1.453664542533824,0,0,1
386.9644940823471,37435.3799201017,194.47836525608463,337.13911343373866,252.39728354724764,2.75697314111683,0,0,1
387.064510751792,37454.73387088103,192.14203345074253,338.99949566203816,165.40602091315645,2.7621633513433927,0,0,1
387.16452742123687,37474.09282332742,193.7400251499122,332.5773099118387,246.41934864367252,2.4816383997445834,0,0,1
387.2645440906818,37493.45677744091,192.53490372636983,337.1269180190536,203.6898882052392,2.178079497369427,0,0,1
387.3645607601267,37512.82573322148,192.20535545253145,345.69062381689594,303.8817556965591,2.6642040824213287,1,0,1
387.4645774295716,37532.19969066912,192.9929173073268,340.3404994410984,273.1803436161732,2.1586083090956945,0,0,1
387.5645940990165,37551.578649783856,194.97419638392185,338.6518542229863,163.9096568700666,3.681601105736378,0,0,1
387.66461076846144,37570.96261056568,194.7823212129004,348.2470774581179,210.8849012052145,3.4924172206552946,0,0,1
387.7646274379063,37590.351573014574,194.12531844100755,331.9722878522852,218.8429544605673,3.024415031931281,0,0,1
387.8646441073512,37609.74553713056,192.3996214937857,333.239186633504,198.8764438073528,2.6405607248210425,0,0,1
387.96466077679617,37629.14450291363,193.78604973701016,347.3600231340609,269.4017372018702,2.3455823077339333,0,0,1
388.064677446241,37648.54847036377,194.33403873202224,339.0362724248688,188.21135813499825,2.697287126510604,0,0,1
388.164694115686,37667.95743948101,194.2578832874216,337.60355423011964,196.28141333825647,3.5228659489320657,0,0,1
388.2647107851309,37687.37141026533,192.2885618090847,332.83044945303493,188.37627733885628,3.0236922661645846,0,0,1
388.36472745457576,37706.790382716725,193.292045879268,341.0749540774326,278.2959485604946,2.748848217299923,0,0,1
388.4647441240207,37726.21435683522,194.1682942978616,341.5687737600394,198.8920595814133,3.159959651711767,0,0,1
388.5647607934656,37745.643332620784,194.81867130625,333.3840042751721,246.33776505650383,3.0089947683498366,0,0,1
388.6647774629105,37765.07731007343,192.1362609103553,338.16509981853886,321.9421238665133,2.7788251006420257,0,0,1
388.7647941323554,37784.51628919317,194.22027309069784,337.1989002530702,219.23746394818625,3.191296401854614,0,0,1
388.86481080180033,37803.96026998,194.57545417077912,340.1663668122739,278.4030778818338,2.9803731801000986,0,0,1
388.9648274712452,37823.409252433885,195.3320257241388,333.30023153602133,306.18954963887114,3.195861500856335,0,0,1
389.0648441406901,37842.86323655488,195.2252796545825,345.1662216866348,273.8033675157674,2.840941977528667,0,0,1
389.1648608101351,37862.32222234295,195.16500172387637,343.4956049890015,221.42581020589105,2.6296108368515165,0,0,1
389.2648774795799,37881.78620979809,193.832498233088,337.1106099542939,254.19349274333703,2.4042876305697822,0,0,1
389.3648941490249,37901.255198920335,192.77444493738912,337.85439585671065,157.54154610905255,2.283519816806172,0,0,1
389.4649108184698,37920.72918970965,194.33940265217348,338.26438033045895,182.7308309008005,1.9054100366737043,0,0,1
389.5649274879146,37940.20818216605,195.78409556916588,335.06494998375894,191.3218847256158,2.337551644179745,0,0,1
389.6649441573596,37959.692176289536,196.2259266062042,336.74934732456074,333.40904665773604,2.349572488419406,0,0,1
389.7649608268045,37979.18117208011,195.59302951570004,337.6251442443074,180.5721535075176,2.5284454602365423,0,0,1
389.86497749624937,37998.67516953775,195.36182957092643,347.0508396031606,179.65062184454018,3.549478838387632,0,0,1
389.9649941656943,38018.174168662496,195.3621367312331,343.72959095822165,168.6516320853584,2.6895940105556924,0,0,1
390.0650108351392,38037.67816945432,194.47638667080884,343.679774620197,248.66163227417093,2.836918979290175,0,0,1
390.1650275045841,38057.18717191322,194.95245345873843,340.86613081548035,227.6256181674665,2.8807510530810365,0,0,1
390.265044174029,38076.701176039205,196.80159161284084,333.4398693727467,274.6561429053092,3.648512141285374,0,0,1
390.36506084347394,38096.22018183228,194.2399724159451,338.82905056146046,253.7049639284719,2.4143755827492863,0,0,1
390.4650775129188,38115.744189292425,196.84731754716927,343.89895004935875,150.94641579687465,2.746229566113468,0,0,1
390.5650941823637,38135.27319841967,194.96051893668985,332.76518627139995,179.42608796615974,2.69146837150508,0,0,1
390.6651108518087,38154.80720921399,196.65798753499945,342.2492771195472,287.8806229265623,3.4143035955486605,0,0,1
390.76512752125353,38174.34622167538,193.97574875112923,350.6895588784392,209.27362292997304,3.358774021305074,0,0,1
390.86514419069846,38193.89023580388,196.01847629651388,344.3955976490185,278.64261619325106,3.0448406076554373,0,0,1
390.9651608601434,38213.43925159945,194.74581029412408,346.16666176382427,211.60360840525323,3.34834643419534,0,0,1
391.06517752958825,38232.99326906209,194.11732157286997,340.19821150516964,170.52960515811935,2.7838216150944666,0,0,1
391.1651941990332,38252.55228819184,195.80113114192756,343.9561791637283,203.57429861140983,2.708238105941173,0,0,1
391.2652108684781,38272.11630898866,196.642077222835,335.5372550150776,170.1598986780392,3.43443688745194,0,0,1
391.365227537923,38291.68533145256,194.837672330368,343.1158418154984,190.1099412227561,2.9811197199863257,0,0,1
391.4652442073679,38311.25935558355,194.2336061432256,342.4184650910406,228.25919537315204,2.334030152705614,0,0,1
391.5652608768128,38330.838381381625,195.69078567407144,340.6060819578696,243.61863496818685,3.2866594831361597,0,0,1
391.6652775462577,38350.42240884677,195.7452034443517,345.7465648532183,138.3544242829645,2.6869517935538934,0,0,1
391.7652942157026,38370.01143797901,196.4309667354058,336.4826052323333,216.82133954561857,2.666925824318445,0,0,1
391.8653108851476,38389.60546877833,196.88225001393823,338.25124350614647,188.184841986373,3.3061091922755224,0,0,1
391.9653275545924,38409.204501244734,195.9232485960237,339.6738429622507,-110.28995657774414,2.7574284050596822,1,1,-1
392.06534422403735,38428.80853537822,197.88817542681292,334.0584795669567,223.802055065484,3.115429653634036,0,0,1
392.1653608934823,38448.4175711788,196.30691519127643,340.3511958083495,189.47153675288263,3.1558387003654644,0,0,1
392.2653775629272,38468.031608646445,195.78626227545664,330.6318856915235,285.9274753307447,2.402179556368792,0,0,1
392.36539423237207,38487.65064778119,194.5711297570832,344.47131209537827,276.050253413474,2.914030264629876,0,0,1
392.465410901817,38507.27468858301,195.97004593059236,339.4797279230115,275.56529701095224,3.479383358903162,0,0,1
392.56542757126186,38526.90373105191,195.9463268402198,336.6520782376073,191.5552338417492,2.324992671097127,0,0,1
392.6654442407068,38546.53777518791,197.2930269166349,335.09467636259507,168.0028016513511,3.109518429796698,0,0,1
392.7654609101517,38566.17682099098,196.84521407914272,338.1036509429192,220.05637801565783,2.4426293289798555,0,0,1
392.8654775795966,38585.82086846112,195.25336966816567,342.72784631182174,208.26473963808715,3.2726140938366264,0,0,1
392.9654942490415,38605.46991759837,196.65500151093175,342.03524431859194,185.1684143840141,3.3518085249934675,0,0,1
393.0655109184864,38625.123968402695,197.20428663097223,335.77886135545634,156.65040276075806,2.70200045771248,0,0,1
393.16552758793136,38644.78302087411,198.1107951533535,335.0863543956549,213.1889171453652,4.039444391076684,0,0,1
393.2655442573762,38664.44707501258,197.52027609610215,342.61104795733587,194.88917142623183,3.45173851296636,0,0,1
393.3655609268212,38684.11613081816,197.4436271177221,335.724819069607,249.33796182604044,3.2472104827055706,0,0,1
393.4655775962661,38703.79018829082,196.7928747927482,339.6461066300241,248.0040161805564,3.1794994695429315,0,0,1
393.56559426571096,38723.46924743056,197.1711091382789,339.97533263919246,269.61694499096984,3.3691068338853447,0,0,1
393.6656109351559,38743.15330823738,198.0823103682841,340.9268717521493,151.44055561622974,2.435056415935787,0,0,1
393.7656276046008,38762.84237071129,195.5500364048208,343.66791491136945,234.2867643504828,2.876859734784085,0,0,1
393.8656442740457,38782.53643485227,196.5833828098059,333.0717497430679,472.8214537273735,3.0331253122725395,1,0,1
393.9656609434906,38802.23550066035,196.21026172298903,329.84076946804663,152.8705812928432,2.618989909041135,0,0,1
394.06567761293553,38821.93956813551,197.4119919251939,336.5693313551518,192.29010687867896,3.1242134140562845,0,0,1
394.1656942823804,38841.64863727774,198.313069316841,348.424211467399,266.9845314521149,3.562939215188984,0,0,1
394.2657109518253,38861.36270808707,196.5358811891916,349.53744159561944,194.76256520324577,2.627778745793731,0,0,1
394.3657276212703,38881.08178056348,194.7925594431657,348.59245843995643,291.48055292388005,2.707436612457335,0,0,1
394.4657442907151,38900.80585470696,196.82065140033308,338.48166759026805,240.48121924460335,2.445583003004095,0,0,1
394.5657609601601,38920.53493051754,198.19635421209745,330.5460006860919,193.1623794515545,2.046403030153276,0,0,1
394.665777629605,38940.2690079952,197.8705187177524,327.75138225470124,270.69907105814883,3.3093331025705406,0,0,1
394.7657942990498,38960.00808713993,197.8110833973355,336.4063886221579,234.79637060203743,2.9033550436103504,0,0,1
394.8658109684948,38979.75216795176,197.1529121823729,338.4962129461027,165.7285810198206,2.899826489410992,0,0,1
394.9658276379397,38999.50125043067,196.20388308275005,345.9997097690738,305.126836620528,2.325287889086378,0,0,1
395.06584430738457,39019.25533457666,198.0482164753168,343.8456117284507,224.99093623994864,2.8380291328340754,0,0,1
395.1658609768295,39039.014420389736,196.7486486783801,340.65361149264106,353.7496797547493,3.3998146301413343,1,0,1
395.2658776462744,39058.77850786989,199.81703555651765,335.0773639099217,168.90134917840257,3.041127566071111,0,0,1
395.3658943157193,39078.54759701713,198.25345436621416,334.73269164034747,270.48559318096613,2.9580078838893256,0,0,1
395.4659109851642,39098.321687831456,197.15230719002813,340.8172295338736,237.2032837062357,2.9797641331348377,0,0,1
395.56592765460914,39118.10078031287,197.17157857991597,343.04184765965954,242.63238919291572,2.258980866236197,0,0,1
395.665944324054,39137.88487446135,197.7400279554134,341.5260007436333,185.6250160360242,3.224327975718754,0,0,1
395.7659609934989,39157.67397027693,197.6434785747277,334.40360630131664,252.53784992802025,2.2783583905335285,0,0,1
395.8659776629439,39177.46806775959,199.0498226070019,342.83993591025484,256.2548741092629,2.522936294267551,0,0,1
395.96599433238873,39197.267166909325,198.1694133359384,341.726154268746,177.0567904599173,2.413630929685436,0,0,1
396.06601100183366,39217.07126772616,197.3013737620083,334.2532690692325,139.47783814534813,2.797459952384919,0,0,1
396.1660276712786,39236.88037021007,199.9734545207951,335.6949979156266,239.22777548115712,2.8743252292870305,0,0,1
396.26604434072345,39256.69447436105,198.18233050188195,343.0690843068802,131.32368696542815,2.9384212623109787,0,0,1
396.3660610101684,39276.51358017913,198.9518701810531,338.46406842528734,217.42386970818671,2.53402294392656,0,0,1
396.4660776796133,39296.33768766429,197.6248123323619,347.5923442761436,187.29300627906736,3.4075632658094857,0,0,1
396.5660943490582,39316.16679681653,198.6461628022736,342.1622558152287,270.420836984126,3.3846949170397,0,0,1
396.6661110185031,39336.000907635855,198.64416550039476,337.233455160904,189.67783094932463,2.880650670195762,0,0,1
396.766127687948,39355.84002012227,196.49341455187783,339.6255847668402,264.5162571403699,2.5969184360888007,0,0,1
396.8661443573929,39375.68413427576,200.44834728915708,340.00353139892786,183.27485327683007,2.7908428569198955,0,0,1
396.9661610268378,39395.533250096334,199.77372497434143,336.05466453647523,258.8177264979737,2.882924518541738,0,0,1
397.0661776962828,39415.387367584,198.13589353199535,335.14367677874014,311.6682378750454,2.236052065968341,0,0,1
397.1661943657276,39435.24648673873,197.480827442408,343.22356890562025,155.08192178437594,2.4162130733871137,0,0,1
397.26621103517255,39455.11060756056,198.98066713138985,343.9529875887277,222.91931628315064,3.4185017652160528,0,0,1
397.3662277046175,39474.97973004948,198.76981155172317,342.75553011822655,345.5900358537045,3.126251608917041,0,0,1
397.4662443740624,39494.85385420546,199.0887911355944,347.32321490902524,211.3138745259527,3.812307342182217,0,0,1
397.56626104350727,39514.732980028544,198.9747079179477,337.04775992429273,343.1044787670195,2.838473409221543,1,0,1
397.6662777129522,39534.6171075187,199.339379845782,348.1379816016509,247.0768161503459,2.830041301508802,0,0,1
397.76629438239706,39554.50623667594,200.33045289059035,335.27202384546894,209.53982925400348,2.869116294295301,0,0,1
397.866311051842,39574.40036750027,199.50125873104963,334.7232032883417,121.9585364223938,2.861336181342986,0,0,1
397.9663277212869,39594.299499991685,197.93350836173352,330.99683836138246,263.76838772346554,2.593755981566744,0,0,1
398.0663443907318,39614.20363415017,200.39573504807836,337.57765786993906,106.84091374163934,3.2126871460753685,0,0,1
398.1663610601767,39634.11276997575,200.72379509357663,337.2980244218704,185.98319984807185,3.1125336187691066,0,0,1
398.2663777296216,39654.02690746842,202.2852455993229,342.4563241742354,267.02865024363234,2.94305803160529,0,0,1
398.3663943990665,39673.94604662815,198.05970316629364,341.0560941480089,188.6649540392889,3.5570616694530743,0,0,1
398.4664110685114,39693.87018745498,199.476087547406,333.8817742517555,171.64209573283406,3.967634918253983,0,0,1
398.5664277379564,39713.799329948895,197.2011151657892,337.8930115816666,250.12509259227195,3.462257268245441,0,0,1
398.6664444074012,39733.73347410988,199.88637136007983,338.0093343353017,163.44126695772786,3.324136070559466,0,0,1
398.76646107684616,39753.67261993796,198.83503024025632,330.99673487287515,144.72096116740082,3.360277376896914,0,0,1
398.8664777462911,39773.61676743313,201.35668466797048,334.98191413956226,219.393319145781,4.066519225905332,0,0,1
398.966494415736,39793.56591659537,198.7086322378494,336.0425812885032,196.3569591457761,3.351711450886827,0,0,1
399.0665110851809,39813.520067424695,197.8440725046232,347.0747762076228,143.15510421811032,2.625651852042972,0,0,1
399.1665277546258,39833.47921992112,199.1120001366104,340.87390635524935,237.02215424907268,3.192751797814657,0,0,1
399.2665444240707,39853.4433740846,197.6577844408182,343.2374982121446,228.2348062054536,3.2199548716692137,0,0,1
399.3665610935156,39873.41252991519,200.4343800012651,332.4434786236056,186.8587050239991,2.58227911212575,0,0,1
399.4665777629605,39893.38668741285,197.66820583522397,345.917730191366,190.1160166211724,2.7650050501551653,0,0,1
399.5665944324054,39913.36584657759,199.81175479738584,346.46216975836103,228.03854614157504,3.590581105873228,0,0,1
399.6666111018503,39933.35000740942,197.75549373106892,329.9749362744619,263.8734030781682,2.0010687752348866,0,0,1
399.7666277712953,39953.33916990833,199.563016081111,336.4500791575503,190.0522254655727,2.3995703288360084,0,0,1
399.8666444407401,39973.33333407432,201.57670037617456,342.4654923091516,236.76299522830607,3.064197206747693,0,0,1
399.966661110185,39993.3324999074,200.34397844652835,343.2186083787094,232.12539666081773,3.2507604098586778,0,0,1
400.06667777963,40013.336667407566,199.16984528485008,336.6141941255269,247.66769618808155,2.321403614977707,0,0,1
400.1666944490749,40033.34583657481,200.05214373559835,338.48917212963926,205.5048676488176,2.992111355861345,0,0,1
400.26671111851977,40053.36000740914,200.15137243130437,337.0397658066263,157.76033847599837,3.6386444252650527,0,0,1
400.3667277879647,40073.37917991055,200.65599423982576,340.58876301352706,180.08899319142756,3.128004362629023,0,0,1
400.4667444574096,40093.40335407904,198.86651386542397,346.0325671030505,220.19409091291695,3.4508918487820037,0,0,1
400.5667611268545,40113.43252991463,200.87594783727457,336.2014653269794,293.8122333115654,2.8115932134974755,0,0,1
400.6667777962994,40133.46670741729,197.6289972665469,345.070780268472,178.525759893593,2.5001131530112746,0,0,1
400.7667944657443,40153.50588658703,199.75351268050832,336.16831908484,242.80396967907845,3.461165089145725,0,0,1
400.8668111351892,40173.550067423865,199.94513172514303,335.8485450510345,185.99976110274596,3.2334022285767454,0,0,1
400.9668278046341,40193.59924992778,201.1167407283883,344.1896558721795,207.7641371456166,2.530188637710448,0,0,1
401.066844474079,40213.65343409877,200.5560530897164,344.716366337446,277.8487820064253,2.6869216643444367,0,0,1
401.16686114352393,40233.71261993685,199.17786751790567,344.3737357981656,240.1319481798556,3.7830105177321935,0,0,1
401.26687781296886,40253.77680744202,199.6484457806674,333.5477007402061,139.69085930755188,2.567859826306956,0,0,1
401.3668944824137,40273.84599661426,200.88212725075428,337.8069345578811,172.9707047565716,3.575207685905863,0,0,1
401.46691115185865,40293.9201874536,200.6543882340648,344.2616340752025,264.2442852352467,2.854483402303984,0,0,1
401.5669278213036,40313.99937996001,200.20433980101603,340.36440198494984,208.3660111708808,3.063513648087008,0,0,1
401.6669444907485,40334.083574133496,200.35263845586223,334.7982302180875,143.6691229420456,3.221764332397562,0,0,1
401.7669611601934,40354.17276997408,201.579648577256,342.4682858116465,160.0026553115792,2.102099165301409,0,0,1
401.8669778296383,40374.26696748175,200.41579634194997,336.6126614880065,235.96423098431487,2.347103326012912,0,0,1
401.9669944990832,40394.36616665649,200.8954060055125,349.1693236918694,250.3494747462968,3.1520545056998897,0,0,1
402.0670111685281,40414.470367498325,203.20344217234455,347.93090842894406,201.36126004153607,2.895516608178049,0,0,1
402.167027837973,40434.57957000724,199.6598312821026,343.2371899155752,324.0738476388655,3.529141885902789,0,0,1
402.2670445074179,40454.69377418323,199.28167952213428,347.03173797459067,241.35556662944623,2.2041348538998515,0,0,1
402.3670611768628,40474.81298002632,201.96712025323,340.56066286830315,187.8138139770259,3.4601172070020385,0,0,1
402.46707784630775,40494.93718753648,200.55489586185976,344.07389525650586,159.04261209062702,2.3991581845213985,0,0,1
402.5670945157526,40515.06639671372,200.9653097301337,347.6453109280856,150.92387423307832,2.937284339986983,0,0,1
402.6671111851976,40535.20060755806,200.55239921446767,341.4942045274913,216.27945828867547,2.5549217160123643,0,0,1
402.76712785464247,40555.33982006948,201.12376378655367,339.00077692789284,174.9099705465636,4.074649530402418,0,0,1
402.86714452408734,40575.484034247966,203.03211037414,331.7636046615231,282.876568644774,2.5767465762142527,0,0,1
402.96716119353226,40595.63325009355,202.28570905538425,339.88104849074574,272.3456567685794,3.137015391099984,0,0,1
403.0671778629772,40615.78746760622,202.3958124433756,344.42383370910926,230.5242070963513,2.341748314829427,0,0,1
403.16719453242206,40635.94668678596,200.1673702104184,345.0448865910804,139.76201149225494,3.8625542088568463,0,0,1
403.267211201867,40656.1109076328,200.48245186438064,342.84854644877873,164.9419441490633,3.2833215684236388,0,0,1
403.3672278713119,40676.28013014672,198.8445352761705,337.63022731232,261.1779588165459,3.0484691611990558,0,0,1
403.4672445407568,40696.45435432771,200.92424144929564,330.4626166093377,170.08209430709744,3.84787918536032,0,0,1
403.5672612102017,40716.6335801758,202.7403337914865,337.8806506309965,254.18393967315663,3.301217134408825,0,0,1
403.6672778796466,40736.81780769096,202.3505854555717,338.8450034326949,221.648624620706,3.3120258556329545,0,0,1
403.7672945490915,40757.007036873205,201.6621340115936,338.8120846189591,200.3460249114491,3.223743919533489,0,0,1
403.8673112185364,40777.20126772254,201.91135532555012,343.47951290674325,162.4603188345291,3.4557164749525517,0,0,1
403.96732788798136,40797.40050023896,201.29477840141527,350.3251148438724,192.73172262300145,2.888132865450032,0,0,1
404.0673445574262,40817.60473442245,202.2384311611149,341.0243804649481,206.76839426716597,3.087846505471404,0,0,1
404.1673612268712,40837.81397027304,202.84955889291615,339.3330771769048,248.75514946780183,3.639773604046832,0,0,1
404.2673778963161,40858.02820779071,200.5178021607476,339.13062872461114,152.68375875450494,3.22360535546251,0,0,1
404.367394565761,40878.24744697546,202.48334497071784,341.05866329111467,183.6721569965162,3.153712062472425,0,0,1
404.4674112352059,40898.47168782729,203.1661404885576,336.3052723217786,198.8967420583891,2.5549738186459936,0,0,1
404.5674279046508,40918.70093034621,201.86861366336203,341.05773558419537,229.6322155865808,3.920174116974718,0,0,1
404.6674445740957,40938.935174532206,203.03442289916845,342.72080613906854,150.91791886747896,2.91591633136322,0,0,1
404.7674612435406,40959.17442038529,205.19838506624285,341.5251764422265,130.3556098408325,3.882986506724568,0,0,1
404.8674779129855,40979.418667905455,202.32939616350583,342.77445746132247,229.72544641196453,3.2887465566639915,0,0,1
404.9674945824305,40999.66791709271,202.87705434122051,342.6654875049857,119.9729479196329,2.5896697813243343,0,0,1
405.0675112518753,41019.92216794704,201.79569854227623,331.64726771395533,259.9627296444437,3.7925978622331376,0,0,1
405.1675279213202,41040.181420468456,202.76501512326217,343.70110358410903,187.76090457012245,3.3563799357489947,0,0,1
405.2675445907652,41060.44567465696,203.0940439203649,337.17168023076425,118.02424606682818,3.918203451630064,0,0,1
405.3675612602101,41080.714930512535,202.87862297037515,335.0575603110012,171.22350504487326,3.1452927580734062,0,0,1
405.46757792965496,41100.98918803521,201.71409364511865,335.0244986536905,214.0445385011667,3.5132427032591744,0,0,1
405.5675945990999,41121.26844722496,202.9901590708754,342.7244675122726,168.2972682007971,2.362495418632148,0,0,1
405.6676112685448,41141.552708081785,204.29600157299,339.4538864907302,195.77790054889368,3.079337413485703,0,0,1
405.7676279379897,41161.84197060571,203.33244973350935,332.166918873872,231.62454662054455,2.6296041842443514,0,0,1
405.8676446074346,41182.13623479672,203.89580949278917,342.97695353670485,184.3554513922415,3.1156638691178262,0,0,1
405.9676612768795,41202.43550065479,202.74681866842712,333.3987254736938,147.4565486637405,3.4638331032672665,0,0,1
406.0676779463244,41222.73976817996,203.7837392125859,341.3058745872235,179.20482134338636,2.993396094066648,0,0,1
406.1676946157693,41243.04903737221,203.3631151461012,341.80926408994225,264.7407410598827,3.700027601675553,0,0,1
406.2677112852142,41263.36330823154,202.18294491291988,345.0546565369967,278.0967887291135,2.7631004152352623,0,0,1
406.36772795465913,41283.682580757966,203.50238498212843,349.54519672780015,92.69222409213106,3.7198424698553834,0,1,-1
406.46774462410406,41304.00685495147,202.2421756486117,333.8233928329077,248.08501357760736,3.850110650054811,0,0,1
406.5677612935489,41324.33613081205,202.6510003718897,340.3944068490397,205.88621315140975,3.728468128855981,0,0,1
406.66777796299385,41344.67040833972,203.5232172887893,339.2851013210783,239.42329434097843,3.1064946691276205,0,0,1
406.7677946324388,41365.00968753448,203.68114158959952,342.84552789304865,165.54520411161917,2.22622048392867,0,0,1
406.8678113018837,41385.3539683963,202.24467318586468,341.76512498485647,104.50202199571612,3.486476921460801,0,0,1
406.9678279713286,41405.70325092522,204.5378997568472,338.9340515834498,221.9853407558517,3.282834595783324,0,0,1
407.0678446407735,41426.057535121225,204.10592859868723,338.5022735210231,145.55786552014703,2.827700796196369,0,0,1
407.1678613102184,41446.41682098431,202.8792022194983,335.1345318551016,123.0380575802572,2.9583952663700823,0,0,1
407.2678779796633,41466.78110851448,202.09635419338247,345.66609570999884,126.37868381183138,3.903031665885416,0,0,1
407.3678946491082,41487.15039771173,203.53904274547267,343.0328103729085,222.1906389495188,2.7109562624702703,0,0,1
407.4679113185531,41507.524688576064,203.28801194541535,345.335632120831,198.96389303723495,3.4973501381473064,0,0,1
407.567927987998,41527.90398110748,203.89710445105203,339.2048121164222,230.96101365191936,3.4121200899462325,0,0,1
407.6679446574429,41548.28827530599,203.4708556675659,337.48261712227213,225.13804092249265,3.096464972954001,0,0,1
407.7679613268878,41568.67757117157,201.8765238026989,335.38522079954265,170.48428832682237,3.493924218668869,0,0,1
407.8679779963328,41589.07186870424,203.5456420598652,342.5813857183366,187.8540988411694,4.096181550805777,0,0,1
407.96799466577767,41609.471167904,203.6783782218205,335.5978333439366,165.65283459756833,3.140780130760638,0,0,1
408.06801133522254,41629.87546877083,204.66766669238527,350.050116478355,180.5553783197004,3.2324653854155208,0,0,1
408.16802800466746,41650.28477130475,203.38581432772267,334.2785898949995,142.5562083169107,3.580624107849158,0,0,1
408.2680446741124,41670.69907550576,205.8126970104288,342.19510506347376,210.29046039154085,3.889610635825968,0,0,1
408.36806134355726,41691.11838137384,202.27239012112688,348.6710796704246,244.3697057598829,3.133330805923812,0,0,1
408.4680780130022,41711.54268890901,205.5452065043037,343.84225659761927,149.63056146614517,3.2598643605874766,0,0,1
408.5680946824471,41731.97199811127,204.05972837034545,341.7351780307036,254.37236180948585,2.2050278890369155,0,0,1
408.668111351892,41752.40630898059,205.19364054828955,336.0243929003797,195.83274278383877,3.000046868953783,0,0,1
408.7681280213369,41772.84562151702,204.4638654947272,333.9679668592952,202.05852694160612,2.770892792474419,0,0,1
408.8681446907818,41793.28993572053,205.5736278814164,344.7370650136661,104.88113394579436,3.7567672977454554,0,0,1
408.9681613602267,41813.73925159111,204.0967187155605,348.4275523398974,99.33764779892728,3.1943384357485685,0,0,1
409.0681780296716,41834.19356912878,203.435468589658,338.7125678505763,196.7548562162163,3.1313307894577047,0,0,1
409.16819469911655,41854.65288833354,206.0046016368293,335.2215119318299,228.8840404606889,3.438861036809001,0,0,1
409.2682113685614,41875.11720920537,204.52062503839855,328.63597398411105,155.6769294534766,2.9092192572228126,0,0,1
409.3682280380064,41895.586531744295,204.9056724926274,336.0329985854879,272.5992852293123,4.146490881875508,0,0,1
409.4682447074513,41916.0608559503,205.96887426777045,340.3785402582499,225.6901485382017,4.090082566400749,0,0,1
409.56826137689615,41936.54018182338,203.75217544635365,348.9524423418733,143.37516782948316,4.1026655431419154,0,0,1
409.6682780463411,41957.02450936355,205.4296299208098,344.33249626579897,190.18366522427388,3.7465247309450898,0,0,1
409.768294715786,41977.51383857081,204.2942526014301,342.5022564951124,312.3368107851336,3.3145907083263704,0,0,1
409.86831138523087,41998.00816944514,204.80198633697103,338.98623283201744,126.21139686039668,4.170338837427131,0,0,1
409.9683280546758,42018.50750198657,205.0564429927222,338.08100421918783,214.60245742509375,3.039420704761923,0,0,1
410.0683447241207,42039.01183619507,203.53395050061343,348.0350724599519,171.90121680322602,2.8436881184211664,0,0,1
410.1683613935656,42059.52117207066,204.30534365396235,342.0205288431485,223.2328633301093,3.02930698902898,0,0,1
410.2683780630105,42080.035509613335,206.4852619239184,330.51383434669594,251.1014557333437,3.737247370263237,0,0,1
410.3683947324554,42100.55484882309,206.07038855481247,337.6691412337593,168.27576380733927,3.06676470828398,0,0,1
410.4684114019003,42121.07918969992,205.1715661236229,336.75576098133195,243.38319674986025,3.309892195793228,0,0,1
410.5684280713453,42141.608532243845,205.5273374941855,338.3255227612472,298.3478377997497,2.6104270633472746,0,0,1
410.66844474079016,42162.142876454855,205.03997986475864,343.8813977755044,190.45160977909217,3.6193562206854777,0,0,1
410.76846141023503,42182.68222233294,206.7408140909455,340.53962173205224,226.2326319204964,2.7345631923366325,0,0,1
410.86847807968,42203.22656987811,205.2338864620458,340.7025207729497,157.3166033818835,2.9256565765814906,0,0,1
410.9684947491249,42223.77591909037,205.7160894666973,347.66421528153865,187.65217130647412,4.032588493002918,0,0,1
411.06851141856976,42244.3302699697,206.6802858534269,337.6245456929235,177.70613470330284,4.07917166908435,0,0,1
411.1685280880147,42264.88962251613,204.80689255916144,350.43785043823823,226.2374885307868,3.550456727304257,0,0,1
411.2685447574596,42285.45397672964,207.1930615632267,337.7703165188905,246.47541127466803,3.661677874120929,0,0,1
411.3685614269045,42306.02333261022,204.15381930370887,341.58284712575335,180.6099135042947,3.0545766249023103,0,0,1
411.4685780963494,42326.5976901579,207.3639311792875,339.7408398326211,262.62495885917554,3.149041663190238,0,0,1
411.56859476579433,42347.17704937266,205.4116217989452,341.77395514408425,262.29746830669944,3.2224908925460056,0,0,1
411.6686114352392,42367.76141025449,205.59160696979436,343.3898211188896,227.98918199221583,2.658832184886889,0,0,1
411.7686281046841,42388.35077280342,203.9943038811591,343.3460390109128,159.69668570511467,3.4357644045695324,0,0,1
411.86864477412905,42408.94513701943,205.47952766968683,337.42127782431,154.75820767050325,3.4325700013094,0,0,1
411.9686614435739,42429.54450290251,204.9445241907601,335.58229275711955,144.5823356526263,2.905741489531856,0,0,1
412.0686781130189,42450.148870452686,205.426692711136,353.72272676583043,232.51158034709007,4.1889606201560206,0,1,-1
412.1686947824638,42470.75823966994,205.947036425443,338.7969477802436,124.316858382359,3.742973762744383,0,0,1
412.26871145190864,42491.372610554274,207.09214734042723,344.72293333855083,218.59926176285745,3.86289748928514,0,0,1
412.3687281213536,42511.991983105705,206.3919674120774,333.19866625951937,130.55414025073495,3.2258361454365785,0,0,1
412.4687447907985,42532.616357324216,206.54204904880035,339.8488108795565,225.6392604082212,3.478987794420515,0,0,1
412.56876146024337,42553.2457332098,205.18886134127607,340.6208792261121,185.17539842185144,3.702418799349095,0,0,1
412.6687781296883,42573.88011076248,205.4536349752414,343.630953162608,250.84893024808045,3.482813098140607,0,0,1
412.7687947991332,42594.51948998224,208.18312241791796,327.6646087749536,241.09243184710465,4.392560040229481,0,1,-1
412.8688114685781,42615.163870869066,205.6992046995258,342.1175842122495,255.6257921189824,3.320978504085679,0,0,1
412.968828138023,42635.813253423,208.1406223210688,335.54817553696284,256.7663937388241,3.336406884572997,0,0,1
413.068844807468,42656.46763764401,206.2913612048531,342.92861303672146,190.7600534527738,3.779839480878744,0,0,1
413.1688614769128,42677.12702353209,206.58671867459992,336.13524016350044,125.49202989055628,2.8503522273973694,0,0,1
413.26887814635774,42697.79141108727,207.7048042334088,337.04947433500786,130.65881935576544,4.020937160583089,0,0,1
413.36889481580266,42718.460800309535,207.95633982984,339.9687514296139,78.79595187518436,2.925673244801568,0,0,1
413.46891148524753,42739.13519119887,206.6236431823447,336.0852438005088,128.8086101525712,3.8044681128286575,0,0,1
413.56892815469246,42759.814583755295,206.3962210238247,338.97922058179245,186.28672534607432,3.145656695296839,0,0,1
413.6689448241374,42780.49897797881,206.77855196354648,335.4000156396972,154.71659111661992,3.733965950083761,0,0,1
413.7689614935823,42801.18837386939,207.22243827502325,332.2110438908646,173.54639460096573,3.9795186149745447,0,0,1
413.8689781630272,42821.88277142707,207.8257927683833,346.4766830784495,207.04293733110103,3.643786597286042,0,0,1
413.9689948324721,42842.58217065183,206.98872727523025,334.9166560191276,167.05801177083174,2.9101332710029206,0,0,1
414.069011501917,42863.286571543664,207.65339204898163,340.5134967121518,126.02405965569328,3.106882516236842,0,0,1
414.1690281713619,42883.99597410259,208.7228738179519,345.1813582246051,179.30815789314076,3.264501274105514,0,0,1
414.2690448408068,42904.71037832861,207.5158320326682,338.3521839715005,136.89977502719452,2.5983611621069937,0,0,1
414.3690615102517,42925.42978422169,207.49618361113065,337.31107665229746,168.13954901776472,4.108261146920753,0,0,1
414.4690781796966,42946.15419178187,205.71562826475824,342.5780982613068,248.6724129020025,3.4790277781813344,0,0,1
414.5690948491416,42966.88360100913,204.6538172877417,347.0465785985499,167.86310651040245,2.785378014137533,0,0,1
414.6691115185864,42987.61801190346,207.7229314885234,335.6203348264263,269.7911725442273,4.287867146921147,0,0,1
414.76912818803135,43008.35742446489,207.2897398627348,340.72617365871594,252.6801334197572,3.179769708771617,0,0,1
414.8691448574763,43029.10183869341,206.91978975382335,332.824441510911,151.9882237815091,3.6305461293828576,0,0,1
414.96916152692114,43049.85125458899,207.72811096764693,339.53091113428115,125.25257187612756,3.14774908277134,0,0,1
415.06917819636607,43070.60567215167,207.47418536898613,341.677941242327,178.03643884355645,2.533889520164352,0,0,1
415.169194865811,43091.36509138144,208.7123776835394,337.2437962778058,238.18603751567196,2.9458848944806992,0,0,1
415.2692115352559,43112.12951227828,207.72071663588693,339.2419619843994,155.86572201175665,3.3356328581027164,0,0,1
415.3692282047008,43132.89893484221,206.9376908172802,334.4957889789328,225.63551569232865,3.9556242693248778,0,0,1
415.4692448741457,43153.67335907321,208.72478867603212,341.932317544322,240.5088490783621,3.8022298134052095,0,0,1
415.5692615435906,43174.45278497131,207.56749969684915,346.83539739877483,141.24153123978155,3.619498389305385,0,0,1
415.6692782130355,43195.23721253648,208.3611757901901,336.08120847245124,145.99633868164102,2.5988527899777925,0,0,1
415.7692948824805,43216.026641768745,207.4072367350474,338.46357065548614,215.2881891502436,4.173491677702177,0,0,1
415.86931155192536,43236.82107266809,207.28482889046523,344.09966238746347,187.1037744913928,3.641938818710176,0,0,1
415.96932822137023,43257.62050523451,208.0688323408708,347.6573864187507,145.064745073157,3.5240444784051,0,0,1
416.0693448908152,43278.42493946802,208.0475010889513,334.14098542803686,161.6153382190747,4.148499526501213,0,0,1
416.1693615602601,43299.23437536862,208.56450781549688,340.77301246894626,175.55503695523726,4.24163808169147,0,0,1
416.26937822970496,43320.04881293629,207.86604336154272,343.0425919345681,100.69506196045832,4.1471303503063845,0,0,1
416.3693948991499,43340.86825217106,206.3483376658045,341.1266575367708,217.0768217073595,3.343016060692537,0,0,1
416.4694115685948,43361.6926930729,207.801931900709,329.26298082247405,154.7170545780036,3.0637025454567173,0,0,1
416.5694282380397,43382.52213564182,209.07853258616365,344.16239287034784,39.32296485198964,4.147924813639817,0,0,1
416.6694449074846,43403.35657987784,208.0373463744992,349.2636262462017,177.1724539270675,2.8990632837390287,0,0,1
416.76946157692953,43424.19602578093,208.13834738595023,342.26025491354045,141.14477989081874,4.562159119582222,0,0,1
416.8694782463744,43445.0404733511,209.42111562909312,336.53141755816614,262.521907044558,3.691269330063805,0,0,1
416.9694949158193,43465.88992258837,207.77277423065075,339.1313132597605,206.15315563845724,3.033001060465193,1,0,1
417.06951158526425,43486.74437349272,206.9919525743892,350.5565164968044,122.91388037631664,2.894228687947998,0,0,1
417.1695282547091,43507.603826064136,208.42413300782903,346.2667655297737,203.05047840294105,2.9694031735837614,0,0,1
417.2695449241541,43528.46828030265,208.15059851082827,344.9270875843371,144.48938659042992,3.6595545023405815,0,0,1
417.369561593599,43549.337736208254,207.71853447704623,343.5190190770318,138.3969686595741,3.556532510554154,0,0,1
417.46957826304384,43570.21219378092,208.55941067562324,338.4412722653495,202.7029851492956,2.999576762455152,0,0,1
417.5695949324888,43591.09165302069,209.2763031134912,340.75410358997004,125.0628013631768,3.488969133108045,0,0,1
417.6696116019337,43611.976113927536,208.82551723939903,341.3773474818008,104.08084797020288,2.9519634757881863,0,0,1
417.76962827137856,43632.865576501456,209.1917952083755,344.5248344074601,263.1029083896763,3.955976325550224,0,0,1
417.8696449408235,43653.76004074248,210.7482301689272,349.33155896541683,205.6365357614343,3.742920391524976,0,0,1
417.9696616102684,43674.65950665057,208.64195194357663,347.38865684499245,163.30983832925293,3.434036801809212,0,0,1
418.0696782797133,43695.56397422574,209.3131877745013,334.7100460489911,176.20525880211036,3.0257058848227536,0,0,1
418.1696949491582,43716.47344346801,208.57563411198,342.9369443394211,201.53126682153024,3.468580061434248,0,0,1
418.2697116186032,43737.38791437736,208.2884960894146,345.51078788769985,224.76396385487288,3.391496915022864,0,0,1
418.369728288048,43758.30738695378,208.59995649060625,344.931274479528,138.157482006652,3.779200678355174,0,0,1
418.46974495749294,43779.231861197295,208.7561139072248,338.7008056788122,194.1228407184379,3.714638436864798,0,0,1
418.56976162693786,43800.16133710789,209.6443566110161,356.4275222415356,150.339686016845,4.088854345959368,0,1,-1
418.66977829638273,43821.09581468557,211.6839649348921,335.48155501798266,166.0853254783543,3.594147550134932,0,0,1
418.76979496582766,43842.035293930334,208.668854046638,336.4610372632525,183.42863633333008,2.694891115750157,0,0,1
418.8698116352726,43862.97977484218,209.0182805120208,343.0549565698352,174.9197818531388,4.144830890799283,0,0,1
418.9698283047175,43883.92925742111,209.4217911392475,352.480998105291,211.89188516636617,3.209300318913632,0,0,1
419.0698449741624,43904.88374166712,209.9307213357909,337.7260102438954,199.32781006252097,3.159366650453465,0,0,1
419.1698616436073,43925.84322758023,209.84848163375844,340.5878443361258,99.42507551400764,3.685517454198863,0,0,1
419.2698783130522,43946.8077151604,210.9190349504742,347.3134561963837,106.80254143599586,3.933397849733333,0,0,1
419.3698949824971,43967.77720440766,207.25855542071332,341.84767872381104,156.06814519920718,3.262889945293272,0,0,1
419.469911651942,43988.75169532201,207.3480259557753,340.2739718925428,265.84563195896715,3.265062125794639,0,0,1
419.5699283213869,44009.73118790343,209.2890859886833,344.78515734157224,131.6952782739197,3.4725724318726505,0,0,1
419.6699449908318,44030.71568215195,210.9322726829596,343.32958445023115,163.72434705359663,4.491467107451617,0,0,1
419.7699616602768,44051.705178067554,208.3193327985328,347.12919009421165,147.17890530551563,3.599645227873618,0,0,1
419.8699783297216,44072.69967565023,206.92735682516704,348.444342278299,146.1548229627519,3.0217924396891305,0,0,1
419.96999499916654,44093.69917489999,210.5561769058025,343.5320147999435,182.62997618183445,3.2778036939568214,0,0,1
420.0700116686114,44114.70367581685,210.27866305800845,343.4656647937527,243.617910832378,3.611756792875175,0,0,1
420.17002833805634,44135.713178400765,208.99480576222876,343.0875577452363,196.23863618027423,3.7665859335892553,0,0,1
420.27004500750127,44156.727682651785,209.1494829030297,344.47265728399657,133.12494831729356,3.900377422213191,0,0,1
420.3700616769462,44177.74718856988,209.21528711883843,342.31285935705193,310.8243630811557,3.725036466997103,0,0,1
420.4700783463911,44198.77169615506,210.34557449066943,342.04396542302766,176.95305060260355,3.320958448843716,0,0,1
420.570095015836,44219.801205407326,209.658732231735,348.04014510571983,144.02495452152974,3.481856416215584,0,0,1
420.6701116852809,44240.83571632668,210.829119761616,349.6475920703033,243.352544544542,4.142873161445699,0,0,1
420.7701283547258,44261.8752289131,207.5304375144585,334.5392481123055,149.15602897891125,2.973816653682462,0,0,1
420.8701450241707,44282.91974316662,209.5782206469576,342.13712026111995,255.6171871978707,3.4553360339703656,0,0,1
420.9701616936157,44303.96925908722,209.3590268858968,338.6535440021354,128.80141989113346,3.971680667942164,0,0,1
421.0701783630605,44325.0237766749,210.27874850315777,340.5521605038757,243.6972442067612,4.174845591180198,0,0,1
421.17019503250543,44346.08329592967,210.04704975776255,344.1296005519272,182.11038353801723,3.624507654752892,0,0,1
421.2702117019504,44367.14781685152,211.43294963087092,345.4742130279073,236.47299767613504,3.613014224759528,0,0,1
421.3702283713952,44388.217339440445,208.8257774140376,341.5763906190828,266.87116725891,2.974890204524158,0,0,1
421.47024504084015,44409.29186369646,210.7806139967508,332.58032283047,115.0151230582957,4.03531933276309,0,0,1
421.5702617102851,44430.37138961956,211.34346727835424,337.3317982681476,235.296794272545,4.471665269667139,0,0,1
421.67027837973,44451.455917209736,212.69178662642693,346.6495261889739,100.9258334654827,5.190950920551431,0,0,1
421.7702950491749,44472.54544646701,210.403381553494,328.4748973947428,118.87474609049798,3.93917779513201,0,1,-1
421.8703117186198,44493.63997739136,211.2596144636624,348.124166930272,130.9265356557258,3.7808970199144074,0,0,1
421.9703283880647,44514.73950998279,209.18130140147,344.8031827920292,196.14199478528025,3.2006913366629086,0,0,1
422.0703450575096,44535.844044241305,208.64321632444177,348.7879149134011,172.47422060516035,2.683896949997544,0,0,1
422.1703617269545,44556.9535801669,211.92995523925896,341.22419023829065,162.32999569575622,3.942415532790895,0,0,1
422.2703783963994,44578.06811775958,211.1296289045516,331.9200107195254,177.8620462764768,4.972309486251238,0,1,-1
422.3703950658443,44599.18765701935,212.36371022272056,344.3888527141169,199.9783534000727,4.520292419054172,0,0,1
422.4704117352893,44620.31219794621,209.8618029786749,348.62030679372066,203.68998084375625,4.266288868258397,0,0,1
422.5704284047341,44641.44174054013,211.8051163418958,346.88065186804056,224.8497261527233,3.967851344924734,0,0,1
422.67044507417904,44662.57628480115,213.20404037763336,338.9535870899777,261.00704366241456,4.124941490495769,0,0,1
422.770461743624,44683.715830729256,211.8049364801693,342.7108515516756,168.80121189372116,2.633163481861187,0,0,1
422.8704784130688,44704.86037832443,211.71182071212547,339.6228664974073,143.67901865362683,4.21967089592259,0,0,1
422.97049508251376,44726.0099275867,211.49380362208123,338.20071718730446,200.27451812945304,3.53326337086306,0,0,1
423.0705117519587,44747.16447851605,209.96437441885345,347.0839940310952,112.24932434571475,3.3643154942527675,0,0,1
423.1705284214036,44768.32403111248,212.9408371464121,336.3293912858145,135.39132053400584,3.7646198360549583,0,0,1
423.2705450908485,44789.488585376,211.0244149056192,337.8579723561768,219.1601448449817,3.611201330844979,0,0,1
423.3705617602934,44810.6581413066,212.18976413652973,336.81692800866745,162.849357488624,3.5136425371916604,0,0,1
423.4705784297383,44831.83269890428,210.1722549082979,334.8958202264786,108.51094024755125,3.7366725476736335,0,0,1
423.5705950991832,44853.01225816905,210.60583788508384,343.0891309691313,94.29530497834996,3.481050713673958,0,0,1
423.6706117686281,44874.19681910091,213.2703932835363,348.1745764192727,171.08629535617015,4.000120689908687,0,0,1
423.770628438073,44895.38638169984,211.53801193007865,341.452679062581,225.6103993470402,3.082481662730786,0,0,1
423.87064510751793,44916.580945965856,213.3885980298015,334.85832550793094,224.80808037329007,3.851451092817421,0,0,1
423.97066177696286,44937.78051189896,211.90710022942287,346.59678887640644,173.79014343910617,3.3041605719311544,0,0,1
424.0706784464077,44958.985079499136,210.193441450246,350.83557661481564,268.5570237604273,3.4104970716013945,0,0,1
424.1706951158527,44980.1946487664,212.97741515765804,339.18585789085233,162.73607664702652,4.000576163550823,0,0,1
424.2707117852976,45001.40921970076,211.5454635748932,340.0342998449412,160.9143634537985,3.024600635176301,0,0,1
424.3707284547425,45022.62879230219,212.88405304088823,345.0153759958912,39.33670627151619,3.5109658508313104,0,0,1
424.4707451241874,45043.85336657071,212.26058342963375,350.556443251344,145.20621880443608,4.161999278402914,0,0,1
424.5707617936323,45065.08294250631,210.74226266887328,339.8579054507371,210.0410897953105,3.0632075998677077,0,0,1
424.6707784630772,45086.31752010899,212.49968399690917,335.80482894131666,245.50448387781165,4.783546382342709,0,0,1
424.7707951325221,45107.55709937876,214.58162070841385,345.6341725446142,125.66087144821635,4.647154831120822,0,0,1
424.870811801967,45128.80168031562,212.928392359498,346.4824215459082,190.1515127191313,3.6780906980335937,0,0,1
424.9708284714119,45150.05126291954,212.42789648270048,342.5277400993173,219.2492479340848,3.4958714150534966,0,0,1
425.0708451408568,45171.30584719057,213.6107659723853,339.71641821579846,167.33221089616748,4.075487853599944,0,0,1
425.17086181030174,45192.56543312868,212.796099370354,347.48897983599045,52.4743940480098,3.1921246622528847,0,0,1
425.2708784797466,45213.830020733854,212.8449734701361,345.16726787071445,178.86963727523366,2.9182922642390787,0,0,1
425.37089514919154,45235.09961000613,211.59382240243667,338.6949119304017,204.443495470539,3.6003649508284283,0,0,1
425.47091181863647,45256.37420094548,212.96930393510783,342.792564838392,118.86775300110904,3.8612694301321007,0,0,1
425.5709284880813,45277.65379355191,213.8209076604576,335.7985551886849,153.39821112122377,4.036928787766201,0,0,1
425.6709451575263,45298.93838782543,211.9994104266631,345.9965467979422,108.19828181466656,3.5515136257087008,0,0,1
425.7709618269712,45320.22798376604,214.30997673473252,341.26592833578286,37.33295900644458,4.662160408991085,0,0,1
425.87097849641606,45341.52258137372,212.8437832240629,340.40854368771795,217.05791571241164,3.171708352514429,0,0,1
425.970995165861,45362.82218064849,212.09772807139197,342.432727090824,165.38773320879315,3.2967622412869133,0,0,1
426.0710118353059,45384.12678159035,214.0331379945732,342.80863968018184,245.3264805134313,4.248408481298056,0,0,1
426.1710285047508,45405.43638419928,212.79872001663716,347.0917531583029,208.17651697144413,3.3352201519741937,0,0,1
426.2710451741957,45426.7509884753,213.895037474584,345.5825571740457,147.46770182475723,3.3949223117648435,0,0,1
426.37106184364063,45448.07059441841,212.89377228956175,341.85505979040005,160.88704518399763,3.984544923513767,0,0,1
426.4710785130856,45469.395202028594,213.17571311301288,346.4654485999035,193.2229416736294,3.416379048463721,0,0,1
426.5710951825304,45490.72481130586,213.77910779559951,344.6607957867111,213.12634249901305,3.92014790582616,0,0,1
426.67111185197535,45512.05942225022,213.62645298357768,340.53411300376735,180.7839082201892,3.6257231719630543,0,0,1
426.7711285214203,45533.39903486166,211.3900324802584,342.0535220609596,219.79834438080653,3.384743323010031,0,0,1
426.8711451908652,45554.74364914017,212.31432885533815,341.94600007487094,149.55366604292402,2.83020409569688,0,0,1
426.9711618603101,45576.09326508578,214.41499091494583,345.223422901902,114.39844654050792,4.102603867962634,0,0,1
427.071178529755,45597.44788269847,213.403452675976,340.8720047793673,160.88378736353525,3.3359563782323924,0,0,1
427.1711951991999,45618.80750197823,213.06186629682853,340.76507358781186,408.6427322998501,3.8508272834006254,1,0,1
427.2712118686448,45640.17212292509,212.2770319190649,352.5709077340342,103.78504776782913,3.622639566105901,0,0,1
427.3712285380897,45661.54174553903,212.60587794776905,347.4358002625445,96.89465443085167,3.7989630551227545,0,0,1
427.4712452075346,45682.91636982004,211.7138239638053,338.9441211986278,185.96911941787263,3.763720313794114,0,0,1
427.5712618769795,45704.29599576815,213.68435021978823,345.611831157409,143.15111272048904,4.076650544132386,0,0,1
427.6712785464245,45725.68062338334,213.2372016926312,343.3588781829184,155.04616535573814,3.5836884840301586,0,0,1
427.7712952158693,45747.0702526656,212.9190597169493,344.7348853978874,145.2229372749397,4.546032056216966,0,0,1
427.87131188531424,45768.46488361496,213.8675325174892,343.47383781135693,535.5962337744269,3.069390627601344,1,0,1
427.9713285547592,45789.864516231406,214.34963490823236,348.7453460829021,226.03466180147663,3.914774133778669,0,0,1
428.071345224204,45811.26915051492,216.12887054431195,344.53523624567765,100.94859241329702,4.576462321416004,0,0,1
428.17136189364896,45832.67878646553,212.5737975272613,342.5066926982934,136.0463936319274,4.138305428790052,0,0,1
428.2713785630939,45854.09342408322,215.29507032484747,348.03809074122444,205.056149208919,3.609648185399441,0,0,1
428.3713952325388,45875.51306336798,215.1587991772845,344.0035647286932,192.52273326058292,3.682966050912407,0,0,1
428.4714119019837,45896.93770431984,213.45661321161515,343.4545340868437,160.22311287116773,3.4599904149140284,0,0,1
428.5714285714286,45918.36734693879,214.48895024030037,344.42725586957346,105.2861942257658,4.33781738728854,0,0,1
428.6714452408735,45939.8019912248,213.87808937109912,342.3990994072555,127.9094994736014,3.623893256091161,0,0,1
428.7714619103184,45961.24163717791,214.57141953557797,342.9232811560092,136.06852444920835,4.171769406754383,0,0,1
428.8714785797633,45982.6862847981,215.94487030328625,339.953674914167,175.62712408269417,4.276939980873404,0,0,1
428.9714952492082,46004.13593408537,215.09135385723545,339.1413134268014,246.83437353388484,5.266351485329547,0,0,1
429.07151191865313,46025.590585039725,215.04436433256,337.9142992594531,127.1747158211295,4.23534437461342,0,0,1
429.17152858809806,46047.05023766117,214.1554549740944,335.95723642482443,110.08778035074388,3.608392198362111,0,0,1
429.2715452575429,46068.51489194968,213.15171596384712,338.52856771883154,155.83113737883005,3.211337826318319,0,0,1
429.3715619269879,46089.98454790529,214.4773127529535,342.0658210203642,212.7184319787629,3.899430255873567,0,0,1
429.4715785964328,46111.45920552799,215.9423974530803,343.4627457718715,88.65845950639549,4.085064278901674,0,0,1
429.5715952658777,46132.93886481775,213.2586297763492,341.60067671084954,233.55554335557915,2.843761944280824,0,0,1
429.6716119353226,46154.42352577461,213.7807165994846,331.18864374289547,152.14359866703802,3.629879449269135,0,0,1
429.7716286047675,46175.91318839856,215.01208203861785,350.85009464928845,123.9006005293557,4.225035192163233,0,0,1
429.8716452742124,46197.40785268957,213.9511678522589,348.41956514187314,317.3234387778697,3.732971016693643,1,0,1
429.9716619436573,46218.90751864768,214.19330752471345,345.2259654504514,195.68581546492769,4.5010239924936615,0,0,1
430.0716786131022,46240.41218627287,214.61224072482293,352.54462122407654,151.67295914406645,3.268003173118392,0,0,1
430.1716952825471,46261.92185556514,213.7202302370834,338.1303489408362,168.63863773848436,4.320872349298855,0,0,1
430.271711951992,46283.4365265245,214.16173412977963,352.46529679832923,114.93472374512866,4.4713648505776655,0,0,1
430.37172862143694,46304.95619915094,215.8892922275058,338.21110247839096,143.89255869642452,4.618946192192944,0,0,1
430.4717452908818,46326.48087344446,213.92850286320996,344.2408641555449,135.3904500409431,3.214578487109486,0,0,1
430.57176196032674,46348.010549405066,213.6880088456685,336.68798957036165,154.56211129404923,4.137377339944375,0,0,1
430.67177862977167,46369.545227032766,214.70586433535195,343.14064834069904,125.9865066212395,3.719627868657649,0,0,1
430.7717952992165,46391.08490632753,216.1178531521181,345.0080120199136,82.62753337381108,3.4544632826699377,0,0,1
430.8718119686615,46412.62958728939,215.23898417633384,342.31372954119337,295.63412915056244,3.8860244200254352,0,0,1
430.9718286381064,46434.179269918335,215.0213332409376,346.6665700842613,90.91159192424566,3.6245461219841584,0,0,1
431.07184530755126,46455.73395421435,215.58028145129123,343.6022567781914,168.02751888994376,4.578358008116038,0,0,1
431.1718619769962,46477.29364017746,213.84022355563843,340.5051125558121,70.22604313815818,4.247645093943683,0,0,1
431.2718786464411,46498.858327807655,216.1306449769956,340.2931212756324,-94.2525666946142,3.5822554373063085,1,1,-1
431.371895315886,46520.428017104925,216.06938268934664,347.1917583946671,163.46479615409854,3.7918508641411695,0,0,1
431.4719119853309,46542.00270806928,215.32664751856973,339.87848104949825,167.16502177289107,3.909030746317359,0,0,1
431.57192865477583,46563.58240070073,216.79188883918437,347.7342077179022,221.3948641872528,4.171155959049443,0,0,1
431.6719453242207,46585.16709499925,214.7084765631573,349.2807534965817,178.17063031911084,4.557384525484165,0,0,1
431.7719619936656,46606.75679096486,217.0138899900864,334.8336268876359,150.5762272296941,4.569215568168329,0,0,1
431.87197866311055,46628.35148859755,216.09048299715053,348.85182980281627,110.4603270588547,4.181212742718187,0,0,1
431.9719953325554,46649.95118789732,215.64944507639956,353.49931302547907,232.76461988442853,3.992737751957158,0,0,1
432.0720120020004,46671.55588886418,216.01613236563188,344.4672200062097,204.1303570205598,3.2633607181332307,0,0,1
432.1720286714453,46693.16559149813,215.97874956991168,346.21262379361866,95.24520002976736,4.793282938420962,0,0,1
432.2720453408901,46714.78029579914,217.3563055668628,348.4122311559348,159.33384039995866,4.025726704840994,0,0,1
432.3720620103351,46736.40000176726,215.10935187769653,341.8597946251384,164.51234643040857,4.860891279183108,0,0,1
432.47207867978,46758.02470940245,215.4735201007434,344.15860898566734,139.90123360026058,4.208202246259116,0,0,1
432.57209534922487,46779.654418704726,217.3223505666849,336.6862118868069,195.65072292859696,5.259390458914319,0,0,1
432.6721120186698,46801.289129674085,215.74052107415105,343.96038634451924,198.5192383141458,4.4329158013155565,0,0,1
432.7721286881147,46822.92884231053,217.28659742138896,345.7677728470342,147.2827797353062,3.528078772240396,0,0,1
432.8721453575596,46844.57355661405,218.1355086617885,345.86802965038834,142.6381859544905,4.00022191083357,0,0,1
432.9721620270045,46866.22327258466,216.08428598656064,348.6243398206884,231.50425530625577,4.070492489484908,0,0,1
433.07217869644944,46887.87799022236,217.21745167480003,339.4332069789673,203.07306094896185,3.802055215150925,0,0,1
433.1721953658943,46909.537709527125,215.4324054016073,340.65418575322195,159.92402013354015,3.91860155775304,0,0,1
433.2722120353392,46931.20243049899,217.39083931573745,352.8047579334907,74.72053306058851,3.568375789157214,0,1,-1
433.37222870478416,46952.872153137934,216.88553833837884,342.5855810016599,173.2560746954759,4.217161830156147,0,0,1
433.472245374229,46974.54687744396,217.20916096927476,344.34739347398454,104.63120298618136,4.357036283198275,1,0,1
433.572262043674,46996.22660341707,216.1405589498016,343.0221759957413,18.08045633923271,3.657154009477872,0,0,1
433.6722787131189,47017.91133105727,215.17505594099228,339.2588237397868,168.27539402859344,5.058405624896009,0,0,1
433.77229538256375,47039.60106036453,217.3893997560314,351.4948755927154,134.72280579610185,4.283494838838944,0,0,1
433.8723120520087,47061.2957913389,214.8727528735249,340.74872414559786,144.3902742425459,3.657810581414026,0,0,1
433.9723287214536,47082.995523980346,216.66881386848428,337.7608052536107,109.93962323427746,3.3834722333560303,0,0,1
434.0723453908985,47104.70025828887,217.9773545618692,341.15353315257613,147.7749884063769,4.3255708855530255,0,0,1
434.1723620603434,47126.40999426448,217.27807876604476,333.4087061974067,224.6599131409105,4.113210700965155,0,0,1
434.27237872978833,47148.12473190718,219.084532009684,340.1708005480629,132.61639006806016,4.770218539727772,0,0,1
434.3723953992332,47169.844471216944,218.2113068521984,338.5965965506617,203.09107281779544,4.241419123471308,0,0,1
434.4724120686781,47191.56921219381,216.58230764601348,346.53438436150446,114.3720129164289,3.5949797123287226,0,0,1
434.5724287381231,47213.29895483776,217.31352774891295,340.090171676013,192.50266150918557,5.0814510856274895,0,0,1
434.6724454075679,47235.03369914878,217.28885200123952,347.906264218651,154.524021627948,4.462068730707156,0,0,1
434.7724620770129,47256.77344512689,215.8040542751603,350.46966617304787,171.91894613212864,4.007372335066659,0,0,1
434.8724787464578,47278.51819277209,216.49584045674453,347.39312455608376,154.5519421396188,4.267762678835108,0,0,1
434.9724954159026,47300.26794208436,216.92548680097147,342.4203080972899,186.1522143161318,4.454285213369976,0,0,1
435.0725120853476,47322.02269306373,215.50003553981784,344.2128236920627,25.56846879500199,3.397664636131691,0,0,1
435.1725287547925,47343.782445710174,217.6337578456479,335.892328174759,82.8333295758294,4.348791491189472,0,0,1
435.27254542423736,47365.54720002369,217.38720086746565,342.8583576798176,174.5555891867285,4.026512789361242,0,0,1
435.3725620936823,47387.31695600431,216.0133871455296,339.2350638690341,51.40171403087707,4.403485488698953,0,0,1
435.4725787631272,47409.09171365201,218.14050224684092,347.01888978205926,126.92677970582214,3.9377124368192624,0,0,1
435.5725954325721,47430.87147296678,218.502170460977,356.4210214894796,150.61601944330502,4.032557231669832,0,1,-1
435.672612102017,47452.65623394865,218.0633405298734,346.06636939007075,111.80341678733132,5.133465224873492,0,0,1
435.77262877146194,47474.44599659759,217.562246210522,333.6215621323729,118.50981379349555,4.880068993174255,0,0,1
435.8726454409068,47496.24076091361,218.52776487220527,341.7811135795188,166.54455220498988,2.6890483496180773,0,0,1
435.9726621103517,47518.04052689673,218.66655141565252,344.2097208379074,203.3078461859557,4.92563146971739,0,0,1
436.0726787797967,47539.84529454693,218.34374295961803,344.044055004281,104.79838338608268,4.286200407577858,0,0,1
436.17269544924153,47561.6550638642,217.261735474186,339.9632039168804,123.84579446525188,3.888148428221161,0,0,1
436.27271211868646,47583.46983484857,218.4129568248544,344.85372992505336,115.9136051298038,3.824628307936509,0,0,1
436.3727287881314,47605.28960750002,219.3818450448912,337.4247686942162,31.285713341427964,3.9265636982461047,0,0,1
436.47274545757625,47627.11438181854,217.6397436701764,338.9227309323323,159.3184351298275,3.930422798730033,0,0,1
436.5727621270212,47648.94415780415,220.38432040264303,346.8862644207207,198.8469750455476,3.9135001387322736,0,0,1
436.6727787964661,47670.77893545685,217.81075846424767,338.5889617252475,202.8215876436479,3.605852518642047,0,0,1
436.772795465911,47692.61871477663,218.4188047462956,346.3683375740524,108.32954528521886,3.808464160590869,0,0,1
436.8728121353559,47714.46349576349,217.7639204716716,336.8399623402553,89.16149573849543,4.441352521149018,0,0,1
436.9728288048008,47736.313278417445,218.70968523832067,352.5214122994388,152.7053067514142,4.375536563533466,0,0,1
437.0728454742457,47758.16806273846,216.7942010444876,339.83593493540434,192.9674419798596,4.485458113707528,0,0,1
437.1728621436906,47780.02784872658,218.04038927302855,342.59895335535185,159.12510534150053,4.267128016873541,0,0,1
437.2728788131356,47801.89263638178,217.5443182062192,345.3803541867656,165.72673691127576,3.609937126935612,0,0,1
437.3728954825805,47823.76242570407,218.82178608918247,340.9105397857526,208.2320705356514,4.606139626540606,0,0,1
437.4729121520253,47845.63721669342,219.7309034515216,344.46432102055905,114.0628119807486,3.925163308329601,0,0,1
437.5729288214703,47867.51700934988,219.4324705978497,346.6340765047476,139.9003480868766,4.728252583589561,0,0,1
437.6729454909152,47889.401803673405,216.4648133845987,348.57036071160894,232.5084370943029,3.600189468064589,0,0,1
437.77296216036007,47911.291599664015,220.92855073310795,347.7347833959008,140.81701096727892,4.174768065373642,0,0,1
437.872978829805,47933.18639732171,219.23176935552337,342.92824556396715,87.1702208927455,4.20910171001961,0,0,1
437.9729954992499,47955.086196646494,218.209998609132,343.064140679707,116.94886282332511,4.65020868920548,0,0,1
438.0730121686948,47976.99099763835,219.19363400333836,355.55284400699463,103.387369818313,4.474920252905185,0,1,-1
438.1730288381397,47998.900800297306,219.26270424157252,348.56674822506045,195.13463153733585,4.402131639802,1,0,1
438.27304550758464,48020.81560462334,218.4696740368408,339.2181862691574,105.25869027529195,5.2753042980220535,0,0,1
438.3730621770295,48042.73541061644,219.38444775585685,344.33724703653075,163.4877362757565,3.482827439740987,0,0,1
438.4730788464744,48064.66021827664,218.6290671356169,342.1715921907565,113.01284187467968,3.825245942476304,0,0,1
438.57309551591936,48086.59002760393,218.88218576526967,343.1806383819764,43.52735096509835,3.8228684769420753,0,0,1
438.6731121853642,48108.524838598285,218.65027695692703,337.719835429996,164.90753815496964,3.4607017403348195,0,0,1
438.7731288548092,48130.46465125974,217.9538931376649,341.8176967135512,156.88009956499567,3.934085875647217,0,0,1
438.8731455242541,48152.40946558827,219.58240923234243,352.945093418395,175.2252686391941,4.760160166202372,0,0,1
438.97316219369895,48174.359281583886,220.07188053336583,346.7926977237474,115.56857486938368,4.1575188284029565,0,0,1
439.0731788631439,48196.314099246585,220.0514730276483,331.4515108455571,110.1213655648972,4.285293183925851,0,0,1
439.1731955325888,48218.27391857637,220.40652301892965,350.0009370157486,169.05268121708073,3.617476744760261,0,0,1
439.2732122020337,48240.23873957323,219.9609463110317,349.37546883474914,224.81116125826185,4.046668195132666,0,0,1
439.3732288714786,48262.20856223718,219.1538889375224,342.1408963656158,81.89715673126906,4.153075775853053,1,0,1
439.47324554092353,48284.18338656821,220.57628663489297,347.5336422730084,169.8514119421247,4.812867028543502,0,0,1
439.5732622103684,48306.16321256632,218.42911356534228,339.66033016695087,132.4239029354405,3.491969183070691,0,0,1
439.6732788798133,48328.14804023153,218.93596805739415,341.6160493066496,71.20298615379743,4.140005713819216,0,0,1
439.7732955492583,48350.13786956381,218.92244770320588,351.47006135827513,196.63730329369656,4.909901488778276,0,0,1
439.8733122187031,48372.13270056317,221.01671216849087,342.6286810225218,193.56795930058956,4.302691421171648,0,0,1
439.9733288881481,48394.132533229626,220.92945295821409,334.64867457903983,183.56745846118488,3.460794491731937,0,0,1
440.073345557593,48416.13736756316,220.5239780158415,343.6908184418526,138.81308991144493,5.127274451758064,0,0,1
440.1733622270378,48438.14720356376,221.1586109787307,343.704394258132,177.64486613583244,4.903516314863532,1,0,1
440.2733788964828,48460.162041231466,219.2574066658294,350.1791807365156,192.36194495709748,4.826429929798133,1,0,1
440.3733955659277,48482.181880566255,220.53529290282484,344.3490216674716,228.5636778171257,3.616655594217612,1,0,1
440.47341223537256,48504.20672156812,220.11153168930312,342.2594296663358,196.86403175041437,5.2125784307766105,1,0,1
440.5734289048175,48526.23656423707,221.13359655629367,349.6826236166378,150.51086511008725,4.147519097482107,1,0,1
440.6734455742624,48548.27140857311,220.221498554579,345.1512957199318,81.78931274366533,4.209977607885918,1,0,1
440.7734622437073,48570.31125457621,220.0017882334436,340.88723281654217,154.86715629562997,4.0966384996727205,1,0,1
440.8734789131522,48592.35610224642,220.9776479751371,350.5023356940233,159.79547126697258,4.995720603007542,1,0,1
440.97349558259714,48614.40595158371,221.3629169584898,345.78565838084376,182.30054439287736,4.461785726140999,1,0,1
441.073512252042,48636.46080258807,219.8684109311742,344.9219810586014,214.42619676032476,4.678789802892488,1,0,1
441.1735289214869,48658.52065525952,220.5256887893911,345.8868948492069,141.8567202980477,4.525767228808625,1,0,1
441.2735455909319,48680.58550959805,219.57833216182428,339.7340127020102,251.54634136268336,4.368446344873763,1,0,1
441.37356226037673,48702.65536560366,218.18872011269545,342.539087345146,58.415460630474016,3.8380209535137904,1,0,1
441.47357892982166,48724.73022327637,220.93724909632456,345.2852709021461,167.22982873037913,5.425240185348333,1,0,1
441.5735955992666,48746.81008261615,221.39570315588796,344.38404108480324,106.21973261225742,3.822496125129816,1,0,1
441.67361226871145,48768.89494362302,221.09887294344244,351.8095031409541,50.667762915651664,4.737632299457972,1,0,1
441.7736289381564,48790.98480629697,218.93725275132385,346.6243921574507,135.8233482534047,4.555935080532845,1,0,1
441.8736456076013,48813.079670638006,220.5859733737242,349.9018841739421,72.9367297304491,5.069582190032389,1,0,1
441.9736622770462,48835.17953664612,218.768483378472,345.76434300058384,137.6073606731397,5.048956089778795,1,0,1
442.0736789464911,48857.28440432132,222.40654058089973,351.0888103133797,147.3007021682814,4.563074802232666,1,0,1
442.173695615936,48879.39427366361,220.00079322584992,347.8850083444594,201.37288761003344,4.7131487971554575,1,0,1
442.2737122853809,48901.50914467297,222.39225975215035,346.0544736554804,69.95023090108076,5.513106649614999,1,0,1
442.3737289548258,48923.62901734943,222.13273412109703,346.01095745068744,190.6355094594963,4.578120166411865,1,0,1
442.4737456242708,48945.75389169296,220.3362824595993,341.3951814309723,150.00113019659966,3.9401989385713287,1,0,1
442.5737622937156,48967.88376770358,220.15409619559009,348.7919548300531,196.4235147616077,4.267346447021287,1,0,1
442.6737789631605,48990.01864538128,221.68725969796665,346.14635422363415,123.2775405469081,3.9241957163158023,1,0,1
442.7737956326055,49012.15852472607,220.5425737791197,343.92741976235453,78.13700492220944,4.675009797261034,1,0,1
442.8738123020504,49034.30340573793,221.53939079318337,352.0596900842654,83.75849558190818,5.097418764041077,1,0,1
442.97382897149527,49056.45328841689,221.0040868949407,340.3663027676755,79.92740943794878,4.463748781432573,1,0,1
443.0738456409402,49078.60817276292,219.7557644060045,344.5949050869318,168.29290251816408,3.618909550020832,1,0,1
443.17386231038506,49100.76805877603,219.35646313606807,351.93597997493623,218.1328011819163,4.910031747051409,1,0,1
443.27387897983,49122.93294645624,221.8636237384096,348.46500260258426,115.92372131175205,3.701893854502706,1,0,1
443.3738956492749,49145.10283580353,221.1253900783068,346.7380949266637,175.51275243113366,3.7605529729873526,1,0,1
443.4739123187198,49167.27772681789,221.18386634244573,348.3224089476228,67.76866671177149,4.448828065324686,1,0,1
443.5739289881647,49189.45761949935,222.48282833317612,348.05446375406063,152.8417063305379,4.763535787280333,1,0,1
443.6739456576096,49211.64251384789,223.0104151054373,339.66408183433134,177.13874102075724,4.88946337663306,1,0,1
443.7739623270545,49233.8324098635,221.61443644216544,345.59108680596563,71.18942977774685,4.537868736548594,1,0,1
443.8739789964994,49256.0273075462,221.59639079133984,355.5100061722187,133.28664536216104,5.449578007712486,1,1,-1
443.9739956659444,49278.227206896,222.4871408660861,344.2207788927086,179.16191796334132,4.670559474820832,1,0,1
444.0740123353892,49300.43210791286,220.68007059799504,346.0158961630172,-3.437137509625103,5.016901980947409,1,1,-1
444.17402900483415,49322.64201059681,222.3101675571648,344.98929908393745,209.90947356118704,5.017829626066625,1,0,1
444.2740456742791,49344.85691494785,222.68890880896168,347.35232845083726,160.70630653301697,4.007087619666693,1,0,1
444.374062343724,49367.076820965965,222.8672613802796,344.96179207775094,178.74432895151654,4.5824194152249085,1,0,1
444.4740790131689,49389.301728651175,220.300286804082,350.4011154121072,122.15768292468124,5.5323411151914845,1,0,1
444.5740956826138,49411.53163800346,221.525692571498,349.04397662971274,56.54331454333091,4.311966357140755,1,0,1
444.6741123520586,49433.766549022825,221.45879292320583,352.015149310741,169.26846951991703,4.221710291487406,1,0,1
444.7741290215036,49456.00646170928,222.486951465161,342.98270707120554,138.32177978794687,4.723248507681426,1,0,1
444.8741456909485,49478.25137606282,222.91781742524225,346.62571215468034,143.94313438432303,4.436927798729161,1,0,1
444.9741623603934,49500.50129208344,223.98379158764268,347.2888030779787,196.6038675528785,4.356897866692939,1,0,1
445.0741790298383,49522.75620977114,222.04212403455108,350.7856524534268,180.21295971968965,4.362105031335201,1,0,1
445.1741956992833,49545.016129125936,222.0895253513324,344.63131358389313,238.0579755952488,5.323393058031452,1,0,1
445.2742123687281,49567.281050147794,223.7867782032428,353.2656902581645,149.57524580646344,4.670143948234417,1,0,1
445.374229038173,49589.550972836754,222.98369145761683,354.7095008564053,107.20843293035568,4.012237688851277,1,1,-1
445.474245707618,49611.82589719279,224.00477436499696,343.92306283258387,132.23482369404977,3.999507060106371,1,0,1
445.5742623770629,49634.10582321591,223.07585919154124,346.50306176323846,162.32553657584955,5.78679905712746,1,0,1
445.67427904650776,49656.39075090612,221.6800229045406,346.3877703631904,192.2219864253248,4.464296886648279,1,0,1
445.7742957159527,49678.68068026341,221.55401950319853,362.2993605949828,67.96434597534326,4.783600133061212,1,1,-1
445.8743123853976,49700.97561128777,221.38564394363985,347.0779307125003,141.6298978502687,4.167734774364557,1,0,1
445.9743290548425,49723.27554397923,223.6492163621797,357.70556011626496,221.56716388732625,4.888275479578387,1,1,-1
446.0743457242874,49745.580478337775,224.22576968523072,343.07427459689575,128.96679175714274,5.502226005793998,1,0,1
446.1743623937323,49767.89041436338,224.93654333825253,344.54918140855136,187.4150725781031,4.501827735184477,1,0,1
446.2743790631772,49790.205352056095,223.98029486391184,346.15441524707666,165.4076909061577,4.982771900982269,1,0,1
446.3743957326221,49812.525291415885,224.35003644384605,345.44899301602965,188.43226969351676,4.079358099489286,1,0,1
446.474412402067,49834.85023244275,222.65718986837985,348.42794756941424,100.03872714830996,5.662511899120559,1,0,1
446.57442907151193,49857.18017513671,222.1307987190121,346.3135518935437,100.1442755531804,4.744827772608556,1,0,1
446.67444574095686,49879.51511949775,224.187302202896,345.8507366104228,141.3156483858838,4.563172172218844,1,0,1
446.7744624104017,49901.855065525866,223.80491195744025,355.8298062234068,63.57874896432168,4.590923500765828,1,1,-1
446.87447907984665,49924.200013221074,223.54468391426423,356.2464160205505,126.59068229373813,4.464660275216939,1,1,-1
446.9744957492916,49946.54996258337,223.8746193552788,354.96393206680574,152.60950947771968,4.515818949292,1,1,-1
447.0745124187365,49968.90491361273,223.8604416918264,352.9274460197953,229.085510534945,3.520423261730295,1,1,-1
447.1745290881814,49991.26486630919,224.87108140394423,350.8611682377159,159.8777827727024,4.77386547937316,1,0,1
447.2745457576263,50013.62982067274,224.9322584636301,348.0023011224331,170.89152943924415,4.757685388251172,1,0,1
447.3745624270712,50035.99977670335,224.23150156587596,345.8116687189316,197.74222022753483,5.017337841094484,1,0,1
447.4745790965161,50058.37473440106,224.58309242082095,352.48243642681507,91.17395973129716,4.538812725478718,1,0,1
447.574595765961,50080.754693765855,224.3013604354053,344.8893076138621,131.04120660864555,4.392924479178953,1,0,1
447.6746124354059,50103.13965479772,223.37613648566835,345.8778565976636,260.4545590472803,4.702736600585908,1,0,1
447.7746291048508,50125.52961749668,224.64387922733852,356.70202919150915,135.11649717517065,3.998939152202244,1,1,-1
447.8746457742957,50147.92458186272,222.5428278182886,360.53070978604,194.78291360696716,4.7139765282013935,1,1,-1
447.9746624437406,50170.32454789584,225.0412227741662,353.08394193520644,187.03712686491087,3.905226287753212,1,0,1
448.0746791131856,50192.729515596046,222.84281661682672,356.7397536727918,64.8334930190524,5.225807177084434,1,1,-1
448.17469578263047,50215.13948496334,224.37315117811,350.0682279910432,154.15217714359912,5.126165657709695,1,0,1
448.2747124520753,50237.554455997706,223.29220226761151,344.6991003147692,145.85471021007203,4.237034482757586,1,0,1
448.37472912152026,50259.97442869917,224.74075354383456,354.5383310052449,154.9044879789986,5.143247217163524,1,0,1
448.4747457909652,50282.39940306771,224.2034476695547,354.41392119544685,100.59022519431994,4.826581959447626,1,1,-1
448.5747624604101,50304.82937910334,222.6926252720417,352.0158190154423,82.33926272401978,4.149305953155548,1,0,1
448.674779129855,50327.26435680604,224.758089195946,350.53560062246,114.27421592238412,3.8025925119428874,1,0,1
448.7747957992999,50349.70433617583,223.80947712281724,356.6485324728354,133.07453207030164,4.898432705957967,1,1,-1
448.8748124687448,50372.14931721271,225.3185529551858,346.99881607973714,197.1031586321976,4.460679184231447,1,0,1
448.9748291381897,50394.59929991666,224.48874025782925,348.1485800193657,228.6092198220723,5.340517273856072,1,0,1
449.0748458076346,50417.0542842877,224.93284388920532,347.0669520469613,207.4634019159128,4.834687309925416,1,0,1
449.1748624770796,50439.51427032583,223.62986228352457,352.62235106088707,180.532689027628,4.376490497669119,1,0,1
449.2748791465244,50461.97925803103,224.04810734183485,346.84802285410615,87.19642230168293,5.657666878751623,1,0,1
449.37489581596935,50484.449247403325,224.2288092718836,348.9562786790207,279.1644948575014,5.061020879017137,1,1,-1
449.4749124854143,50506.92423844271,225.5941587229497,348.93871343740545,147.69001574497932,3.051857115445624,1,0,1
449.5749291548592,50529.40423114916,226.46484166523507,351.2544512538161,105.46203185939208,4.704577615818248,1,0,1
449.6749458243041,50551.889225522704,224.0323011604092,345.2106223504105,165.83462479147587,4.065474705229295,1,0,1
449.774962493749,50574.37922156333,225.96432939153215,353.1735212095612,172.88909367248235,4.508533950249091,1,0,1
449.8749791631938,50596.87421927103,222.76781216387124,359.06401616964274,163.56982510540544,4.587244014646713,1,1,-1
449.9749958326388,50619.37421864583,223.7933085152271,353.5949564448477,187.90267347496757,4.915984316059761,1,0,1
450.0750125020837,50641.8792196877,224.0787277948551,360.714106974215,91.30709131395795,4.891810229232302,1,1,-1
450.1750291715286,50664.389222396654,223.7350058963236,359.7674938465375,183.06888336934185,5.273372835951603,1,1,-1
450.2750458409735,50686.9042267727,223.5539345306992,357.0761798203367,101.5360591665257,5.038695445464987,1,1,-1
450.3750625104185,50709.42423281583,225.60053016734705,353.6509354642263,89.16250482102026,5.167273090338785,1,0,1
450.4750791798633,50731.94924052603,225.0234718922038,353.4800098592135,162.70616714613615,4.935495226319998,1,0,1
450.5750958493082,50754.47924990333,225.6669533222592,357.2765084467471,196.7851836636959,5.528504794527343,1,1,-1
450.6751125187532,50777.0142609477,226.0280289454981,351.5891582043552,160.28341205306415,4.755296066244684,1,0,1
450.7751291881981,50799.55427365916,225.65318158727155,344.2249091614825,136.81425809736007,4.738874265118858,1,0,1
450.87514585764296,50822.0992880377,226.09533610497184,356.1875348562791,151.17315431265078,3.965934058448753,1,1,-1
450.9751625270879,50844.64930408334,225.41804897730168,348.1621731030339,142.37830186463216,5.393689257343243,1,0,1
451.0751791965328,50867.20432179604,224.35059620996063,349.0968117787013,79.15099089357372,4.74381193369639,1,0,1
451.1751958659777,50889.76434117583,226.64541211380964,353.9986393265767,73.20919490814329,6.428792939781902,1,1,-1
451.2752125354226,50912.32936222272,225.04849413493017,353.6118968657749,131.29066128337573,4.633937710773589,1,0,1
451.3752292048675,50934.89938493666,224.7520183036713,347.1171448889086,139.11663672448583,4.85784604165237,1,0,1
451.4752458743124,50957.47440931771,225.5597050613518,355.09498240809694,135.5823400414464,5.149953415907792,1,1,-1
451.5752625437573,50980.05443536584,224.87482035258216,359.188224558681,168.71281443147114,4.272190231907706,1,1,-1
451.6752792132022,51002.63946308104,225.42020922461168,348.8058200699913,124.02599693641604,5.04505021007131,1,0,1
451.77529588264713,51025.22949246334,226.23170186288704,360.8999462425086,162.84097713619536,4.946767211958256,1,1,-1
451.87531255209205,51047.82452351272,226.28599801529217,346.82667712955947,127.35495120258736,4.781861054344667,1,0,1
451.9753292215369,51070.42455622917,225.08983454434284,365.30415364400847,225.6445953613587,5.426236532602816,1,1,-1
452.07534589098185,51093.02959061272,225.5499675725422,352.7512324366808,138.40477738023768,4.4240637370459615,1,0,1
452.1753625604268,51115.63962666335,227.16201428498363,355.6256212401771,251.29775142947457,5.140181741382388,1,1,-1
452.2753792298717,51138.25466438106,226.63408973266976,345.5273700605588,151.75481617310095,5.688430440229808,1,0,1
452.3753958993166,51160.874703765854,228.26276298900683,354.7668592575851,123.36307974185668,4.736551245615364,1,1,-1
452.4754125687615,51183.49974481773,227.4178344581223,356.30995214546715,88.96732692964235,4.874498839097304,1,1,-1
452.5754292382064,51206.12978753669,227.43200768766312,354.8267324033232,61.68817026111006,6.196714568441776,1,1,-1
452.6754459076513,51228.76483192273,224.94985440336984,352.53213920550326,84.15344364698149,5.066194346244056,1,0,1
452.7754625770962,51251.40487797587,227.15159164018152,350.70472366507056,89.63828692428132,4.748809010119176,1,0,1
452.8754792465411,51274.04992569607,226.38463282157363,361.1801810223407,153.2527334632037,5.342774905318604,1,1,-1
452.975495915986,51296.69997508336,225.93676615445477,355.7715852665884,107.09667942570242,4.622222488197392,1,0,1
453.0755125854309,51319.35502613775,226.705771633248,363.4113131411269,142.6446015501917,4.18428707906763,1,1,-1
453.1755292548758,51342.0150788592,227.53297616204935,353.16514115151296,197.29055332438415,5.718228362199076,1,0,1
453.2755459243208,51364.68013324775,227.13860455316455,353.713581125571,128.69468917796254,4.449352756297575,1,0,1
453.37556259376566,51387.35018930338,225.8093074955408,360.0555274823574,236.93649844007223,6.122124234280296,1,1,-1
453.4755792632105,51410.02524702608,227.4802485451979,347.9526831163033,74.08175639152412,4.783210295803359,1,0,1
453.57559593265546,51432.70530641588,226.15021042425172,350.09024279250093,125.23685494812268,5.9896642873689405,1,0,1
453.6756126021004,51455.39036747277,227.05448942001448,361.7349861169759,105.69419814330098,4.309907278127413,1,1,-1
453.77562927154526,51478.08043019672,226.5844645682955,350.4778932810386,179.37907151429394,5.46993700119285,1,0,1
453.8756459409902,51500.77549458777,226.71895671875947,347.3323095175863,20.45814144341516,5.217647044889713,1,1,-1
453.9756626104351,51523.4755606459,227.75407428025807,365.8602022014089,60.18602504791815,5.468415659004753,1,1,-1
454.07567927988,51546.18062837111,225.99764592012409,349.63847968861694,126.86859965633786,5.3950599466202895,1,0,1
454.1756959493249,51568.8906977634,229.0330430489394,357.6181665865733,209.69906276066197,4.902211878720873,1,1,-1
454.2757126187698,51591.60576882279,225.3167702400904,357.1329972254984,143.31658893486625,4.203258697875751,1,1,-1
454.3757292882147,51614.325841549246,226.5901969608525,342.82443134573106,64.34152956645796,4.932182733190944,1,0,1
454.4757459576596,51637.05091594279,227.6080848687716,355.6309894799269,71.95506214807855,5.149503134691905,1,1,-1
454.57576262710455,51659.78099200343,227.8721954799876,359.299642510106,215.35745081646056,4.822974647413107,1,1,-1
454.6757792965494,51682.51606973113,227.23741392770305,358.9191248372493,100.54588394723103,5.147462155770704,1,1,-1
454.7757959659944,51705.25614912593,227.33050727999563,361.7551830156169,84.34919773115102,5.180852605119233,1,1,-1
454.8758126354393,51728.001230187816,227.8484564030473,355.3901246890167,205.26082103815716,4.602003362023512,1,1,-1
454.97582930488414,51750.75131291677,227.2568451749844,360.98010514094926,181.841954057984,5.207705680074954,1,1,-1
455.075845974329,51773.50639731282,228.93110424509945,354.06093925703254,194.88508076576028,5.009364914328752,1,0,1
455.175862643774,51796.26648337596,228.4272804361186,350.5452491823135,83.57508339745583,4.752930811885044,1,0,1
455.27587931321887,51819.03157110616,228.51076400761508,351.19894605291574,54.717058085723,5.503239157911857,1,0,1
455.3758959826638,51841.80166050346,226.7217912679615,350.46703732228934,137.52591118052052,4.579511648328149,1,0,1
455.4759126521087,51864.576751567845,227.65856790164867,362.9155211046668,147.51922372519803,4.813648902641488,1,1,-1
455.5759293215536,51887.3568442993,227.4874987120561,350.3847253868625,148.88842133206052,5.064475220741278,1,0,1
455.6759459909985,51910.141938697845,226.8323716198098,359.4177888023464,204.46302565329023,5.663878502958472,1,1,-1
455.7759626604434,51932.932034763486,228.24814551416748,356.8079752956822,43.761055677762286,5.185094299170831,1,1,-1
455.8759793298883,51955.72713249619,227.40034390716437,357.7143550657357,173.32982756536074,5.285703391835509,1,1,-1
455.9759959993333,51978.52723189599,228.64340182951685,365.1356360759319,75.40957106407066,4.971269363935505,1,1,-1
456.07601266877816,52001.33233296288,226.96781477149477,356.2154644308015,172.92342096736567,4.9481591280492045,1,1,-1
456.17602933822303,52024.14243569683,229.80705528195327,361.5556107415707,106.28473466637487,5.188360363756809,1,1,-1
456.276046007668,52046.95754009788,227.24169034524192,358.7754213576723,89.22997831463462,5.15567606981548,1,1,-1
456.3760626771129,52069.77764616602,228.4073336757569,357.9175117395478,99.32951416042964,4.9533536398312,1,1,-1
456.47607934655775,52092.60275390122,229.02989898366693,370.2674535565881,57.440303983274205,5.82083409888617,1,1,-1
456.5760960160027,52115.432863303526,227.71740757780125,351.6509008730234,131.6385085769943,4.860056674330365,1,0,1
456.6761126854476,52138.26797437291,229.1905249861568,365.393270445732,90.87972259809904,4.310004877736881,1,1,-1
456.7761293548925,52161.108087109365,227.15888107964585,362.3196457629392,168.72471713814872,6.373881595645796,1,1,-1
456.8761460243374,52183.95320151292,229.89019071135127,356.7299896292748,161.3091059566878,5.055754527057162,1,0,1
456.9761626937823,52206.80331758355,228.50223061185693,367.36420885658623,213.6107336457185,5.765458645234308,1,1,-1
457.0761793632272,52229.65843532126,227.94167827364475,350.06706737438003,147.41591699058836,5.766797252791587,1,0,1
457.1761960326721,52252.51855472606,228.28891624390863,356.78878631677185,155.03017563175356,5.564544664237807,1,0,1
457.27621270211705,52275.38367579795,229.44702562045129,353.4452102488663,198.89810491851028,5.085055288975561,1,0,1
457.3762293715619,52298.253798536905,228.1036593939305,361.6380402615134,97.40688909425624,5.220583995483345,1,1,-1
457.4762460410069,52321.12892294296,227.98876533108063,354.1023040981648,54.27410527601256,4.430878230452398,1,1,-1
457.5762627104518,52344.009049016095,228.56659475764212,361.9229460047518,138.5887932823117,6.109060913049886,1,1,-1
457.67627937989664,52366.8941767563,227.6611775771784,358.9154458588819,57.34957359516002,4.616286225299793,1,1,-1
457.7762960493416,52389.7843061636,230.7086919326126,357.5408598916538,251.07541968755655,5.157972463945947,1,1,-1
457.8763127187865,52412.67943723799,228.3717617681785,361.9708675020452,201.0507218202708,5.148006485098734,1,1,-1
457.97632938823136,52435.57956997945,229.8197814802961,358.7745248191328,236.37202718033265,5.160095385319403,1,1,-1
458.0763460576763,52458.484704388,229.24764311248592,354.76446039047244,131.19304470554954,4.839739366763782,1,0,1
458.1763627271212,52481.39484046364,228.10364731307865,374.304501220887,155.49694290719077,5.774410153619778,1,1,-1
458.2763793965661,52504.30997820634,229.13223498907035,357.95180202451087,104.89214090119609,5.63412225154955,1,1,-1
458.376396066011,52527.23011761615,229.97220081231623,349.38959420584104,171.90988391635648,5.387014576003408,1,0,1
458.476412735456,52550.15525869304,229.0499450326417,356.3571478249387,66.88429596865589,4.952653515597598,1,1,-1
458.5764294049008,52573.08540143699,230.48132764830143,354.3212594986265,0.4046917622376327,5.798850631018111,1,1,-1
458.6764460743457,52596.02054584805,230.35973842995472,364.8783726876371,87.92179659152461,5.0247461930053365,1,1,-1
458.77646274379066,52618.960691926186,230.30714622655367,362.445909572337,54.58171171495522,6.037968230778634,1,1,-1
458.87647941323553,52641.9058396714,228.9785829343448,362.9212119502753,201.1498617682929,5.202359887994656,1,1,-1
458.97649608268046,52664.8559890837,228.40840559355877,359.16753727908184,217.9356186482416,5.716313300045552,1,1,-1
459.0765127521254,52687.81114016308,228.9246687706999,359.7109000399279,56.90359461173402,5.085548664815414,1,1,-1
459.1765294215703,52710.77129290954,229.78450565145184,359.3429974241187,191.53421228576136,5.246764938076824,1,1,-1
459.2765460910152,52733.7364473231,230.18405975903997,360.88168868842416,174.4161460361376,5.855637235944799,1,1,-1
459.3765627604601,52756.70660340373,227.5167099754696,365.5543234528702,48.25660878564071,6.127722465034953,1,1,-1
459.476579429905,52779.68176115144,229.73017651334072,363.1480350055173,107.13069377962276,5.986844113767686,1,1,-1
459.5765960993499,52802.66192056625,229.94638727499813,364.0582237580393,97.53459260383023,5.6624957182607405,1,1,-1
459.6766127687948,52825.64708164814,229.56076212808185,364.1454558181255,163.84133803965403,5.4877822917942005,1,1,-1
459.77662943823975,52848.63724439711,231.17958855813572,366.15987513073264,64.90147091087003,5.069211376747254,1,1,-1
459.8766461076846,52871.63240881315,230.3601031280932,363.2684148184697,121.29575840581762,5.404624564379926,1,1,-1
459.9766627771296,52894.63257489629,231.29852329664567,363.71190664110753,91.84169654413331,4.87570878390687,1,1,-1
460.0766794465745,52917.63774264651,229.822379202937,367.9516991506232,149.70459371920435,5.401913783350989,1,1,-1
460.17669611601934,52940.6479120638,231.0258255505166,358.7724400215864,115.09712646480487,5.530373363862234,1,1,-1
460.2767127854642,52963.66308314819,231.77342278725965,357.9089583787889,99.07371697781916,4.389972593911503,1,1,-1
460.3767294549092,52986.68325589966,231.5000581767273,356.34806494955666,115.07052808077002,5.367790076921151,1,0,1
460.47674612435407,53009.708430318206,229.1462314687483,363.2822474305367,227.43693368937755,5.36753478729692,1,1,-1
460.576762793799,53032.73860640384,230.0347053193571,353.1890150732843,104.6893258594804,5.189131154448616,1,0,1
460.6767794632439,53055.77378415657,229.99322502617213,364.8584484266228,73.38364273808696,5.406695430668676,1,1,-1
460.7767961326888,53078.81396357636,230.87765260142072,362.0917141407661,154.50525840136964,4.627604078754719,1,1,-1
460.8768128021337,53101.85914466325,231.1247599560814,368.4008797793186,118.05710300395856,4.930353452185678,1,1,-1
460.9768294715786,53124.90932741723,229.6495220617636,359.45809639483286,54.37147663938046,5.717692028268584,1,1,-1
461.0768461410235,53147.96451183827,230.6062615844287,361.89109318701486,236.60790676236203,5.277002971139745,1,1,-1
461.1768628104685,53171.024697926405,228.5685040730781,368.6087029475137,107.3091395903032,5.284078219736157,1,1,-1
461.27687947991336,53194.08988568163,232.08038474575855,370.0033661818821,105.9396910228038,5.121833295391421,1,1,-1
461.37689614935823,53217.16007510392,230.1760738340024,359.7769277861768,132.72508808737885,5.252035085391831,1,1,-1
461.4769128188032,53240.23526619331,230.79432034924608,364.17659744481614,211.1393955794643,4.140778975131915,1,1,-1
461.5769294882481,53263.315458949786,230.478815030136,364.8297878372451,40.54660721219686,5.689517506272842,1,1,-1
461.67694615769295,53286.400653373326,231.9845006538599,365.31596164387497,138.2335621565552,6.291342645754604,1,1,-1
461.7769628271379,53309.49084946397,228.0509749721716,362.2248179861357,228.69835358708053,4.540555671120373,1,1,-1
461.8769794965828,53332.586047221695,230.92187940596548,370.03461494027647,130.6717349470253,4.831845252367677,1,1,-1
461.9769961660277,53355.68624664649,230.8826793255161,354.26918219849506,62.36923689461965,5.519308168762846,1,0,1
462.0770128354726,53378.791447738375,230.58487003014463,361.7020501095419,93.11680763500382,6.011943468816369,1,1,-1
462.1770295049175,53401.90165049736,232.8147412980944,366.13735661435646,134.281570604047,5.453230244986186,1,1,-1
462.2770461743624,53425.01685492339,230.25119362832544,366.27382867718296,190.37851307778672,4.633637124910536,1,1,-1
462.3770628438073,53448.13706101654,231.96032759913933,370.84150143745455,106.77247753752944,5.281122311067588,1,1,-1
462.47707951325225,53471.26226877676,231.5947925453322,370.15883491733166,164.97289131203408,4.841067673145711,1,1,-1
462.5770961826971,53494.392478204056,232.55006734388408,362.8300014917336,51.7729709263284,5.098509066207958,1,1,-1
462.6771128521421,53517.52768929845,230.67136734129352,370.8470675028672,51.25668373005064,5.129911928647412,1,1,-1
462.77712952158697,53540.66790205992,230.65559586166967,360.86750423327146,99.20383673629706,4.816006685957414,1,1,-1
462.87714619103184,53563.81311648847,232.5346430029933,369.1821515330624,195.1466551913506,5.0427358638119015,1,1,-1
462.9771628604768,53586.963332584106,231.91390273856848,373.6703286781526,126.59037790376212,5.418962373609921,1,1,-1
463.0771795299217,53610.11855034683,229.99365241828409,370.782438487267,137.53871137692627,5.335223071462772,1,1,-1
463.17719619936656,53633.27876977663,231.04929308522,365.3265715375573,136.8537158248714,4.600240432793765,1,1,-1
463.2772128688115,53656.44399087352,232.02498908825385,363.22882742802057,178.3117983372024,5.588825685119633,1,1,-1
463.3772295382564,53679.61421363749,232.5263789906748,357.3347664725292,92.24210639375852,5.240055586520244,1,1,-1
463.4772462077013,53702.78943806854,231.0593924506577,366.6204228103411,157.06921684605658,5.673171580624394,1,1,-1
463.5772628771462,53725.96966416668,228.87437544875613,359.58164014786,81.01272715523457,5.528706003890911,1,1,-1
463.6772795465912,53749.1548919319,232.3618629590326,361.2820546365895,221.622470532922,5.145492914644634,1,1,-1
463.777296216036,53772.34512136421,230.66832741807403,359.38400061792026,82.3413383107339,5.588762782710608,1,1,-1
463.8773128854809,53795.54035246359,229.92131764461809,363.1257696252648,78.14356249740793,4.803447459249443,1,1,-1
463.97732955492586,53818.74058523007,229.1563388524788,365.3778858830577,149.64873072594318,5.8227833956605135,1,1,-1
464.07734622437073,53841.94581966362,232.8526539723831,366.9758075282656,126.05695223518492,5.0577699569350605,1,1,-1
464.17736289381565,53865.15605576426,232.2172988973128,362.6952031123117,138.3125197379148,5.582492920081704,1,1,-1
464.2773795632606,53888.37129353199,231.91303340091804,371.134156488302,133.2380360475499,5.287820855684225,1,1,-1
464.3773962327055,53911.59153296678,233.5777224793155,364.8367133333207,67.25526120493974,5.007461016230964,1,1,-1
464.4774129021504,53934.81677406867,232.87603113409827,362.02912912388746,202.34542043357035,5.90968240098028,1,1,-1
464.5774295715953,53958.04701683765,233.9050148285196,367.1892042933768,166.2572650078879,5.235319532191607,1,1,-1
464.6774462410402,53981.28226127369,230.94598764835308,375.9655087918231,189.43041084787131,4.453908519371072,1,1,-1
464.7774629104851,54004.52250737684,232.35418083128857,367.91354912372407,94.96920517506888,3.976137855249767,1,1,-1
464.87747957993,54027.76775514706,230.822026415017,364.51346982112494,142.11484092520922,4.856483488873594,1,1,-1
464.9774962493749,54051.01800458436,232.259365792832,358.780442844344,131.0600785106761,6.097460487090522,1,1,-1
465.0775129188198,54074.27325568876,232.29014060564324,365.4106896870216,177.49485600703207,6.040854467929666,1,1,-1
465.1775295882648,54097.53350846024,233.21537843139544,367.77239358426704,179.0102781129207,5.127324138590988,1,1,-1
465.2775462577096,54120.798762898776,232.6843370099967,364.74985016949313,130.55363595828987,5.256531842859755,1,1,-1
465.37756292715454,54144.06901900442,233.3121886018572,358.4508331015105,44.90684090966997,5.261988152955956,1,1,-1
465.4775795965994,54167.34427677715,233.44222993143865,362.6149310121428,209.690870888262,4.838238105347154,1,1,-1
465.57759626604434,54190.62453621694,234.9437268104053,374.2304519310432,148.41060452916813,5.152146897012543,1,1,-1
465.67761293548926,54213.90979732384,232.5235098124585,374.21776631220126,90.0929143028176,5.92136598138889,1,1,-1
465.7776296049342,54237.20006009781,231.94779210180076,362.7045671144704,140.74548396859382,5.636366146318284,1,1,-1
465.8776462743791,54260.49532453887,233.18490675250595,370.59154856343497,44.76738740897842,5.620706391291402,1,1,-1
465.977662943824,54283.79559064701,232.18655144477245,361.4249023705315,172.99348301330298,4.736068626634918,1,1,-1
466.0776796132689,54307.10085842224,234.52080057507095,374.42934937130167,46.569084204129,5.642614241493272,1,1,-1
466.1776962827138,54330.411127864536,232.80563010241167,368.7239488677426,108.99186550319632,4.301621292877524,1,1,-1
466.2777129521587,54353.72639897393,232.57328010820532,372.3359787882985,132.160308119407,5.856205046515663,1,1,-1
466.3777296216036,54377.04667175041,232.7175490896507,359.1023062262477,171.7836435579653,5.575725549505552,1,1,-1
466.4777462910485,54400.371946193954,233.9572905689959,371.1559601387293,125.07304082454824,4.874000342580784,1,1,-1
466.57776296049343,54423.7022223046,233.13113449701524,367.8194059776269,151.39817639029866,6.288031763274179,1,1,-1
466.6777796299384,54447.037500082326,232.6972229948388,372.20742331694805,118.14598959559176,4.546716288364745,1,1,-1
466.7777962993832,54470.37777952712,235.05425006731517,372.6121186204276,117.84941631954352,5.900685240667921,1,1,-1
466.87781296882815,54493.72306063902,232.58273664375236,368.45670474425657,123.63703171193252,5.713152039982586,1,1,-1
466.9778296382731,54517.073343418,233.52448089316957,365.2136347683477,109.81480489756176,4.891768168571298,1,1,-1
467.077846307718,54540.42862786405,234.1912293054692,372.2062655416693,34.843796888554465,5.546633017760404,1,1,-1
467.1778629771629,54563.7889139772,231.9575963781644,368.09701380069066,80.66081875595216,4.566797226234037,1,1,-1
467.2778796466078,54587.15420175743,234.11920032470985,364.12386319702256,131.22049612921512,4.136537862828877,1,1,-1
467.3778963160527,54610.52449120472,232.63384048254588,363.9770284743168,106.43054070575674,4.905748785323994,1,1,-1
467.4779129854976,54633.89978231912,234.5617392735828,361.2819692169879,111.00104969045084,5.287268846715064,1,1,-1
467.5779296549425,54657.28007510059,232.82631381555228,366.20633716767895,102.52880929887888,5.777340737783989,1,1,-1
467.6779463243874,54680.66536954914,234.53174219404252,374.3612548628106,75.42163809657995,5.6268536234085325,1,1,-1
467.7779629938323,54704.05566566479,234.99481456321087,369.8269452979104,93.85172557702133,5.677481212398776,1,1,-1
467.8779796632773,54727.45096344752,234.80042635727145,366.3789594367125,103.07032816865032,5.107726173991816,1,1,-1
467.9779963327221,54750.85126289732,234.2403148145992,373.14207932417264,118.5743649863141,5.304528569889087,1,1,-1
468.07801300216704,54774.25656401421,233.80770555815383,365.04541819159977,137.89149350211318,5.069547607020646,1,1,-1
468.178029671612,54797.666866798194,233.51259525947117,369.7745543388251,109.10050574142652,4.898155450100775,1,1,-1
468.2780463410568,54821.08217124924,235.61005786134552,368.4896527704781,66.55077713532246,5.383821851081242,1,1,-1
468.37806301050176,54844.50247736739,233.48953628508323,373.373459428992,48.03503312489052,5.546034454950653,1,1,-1
468.4780796799467,54867.92778515262,233.2019737664033,361.6816661133971,247.7166661966943,5.199221279493802,1,1,-1
468.5780963493916,54891.35809460492,234.9544171097286,365.40682090586586,61.25980046763464,5.465678949803741,1,1,-1
468.6781130188365,54914.79340572432,233.54291970623171,361.55658300641096,91.725123456057,5.860551605026291,1,1,-1
468.7781296882814,54938.2337185108,233.4390013466746,368.5398293597818,143.41228550857562,5.25431599932669,1,1,-1
468.8781463577263,54961.67903296435,232.99546891669337,375.9849521539349,135.51127298970897,4.801881488439251,1,1,-1
468.9781630271712,54985.12934908499,234.00617167412508,367.4905802544495,143.41757447279494,5.832300231293779,1,1,-1
469.0781796966161,55008.58466687272,234.4563748244116,367.5543982786833,95.14455884599457,5.719965482320438,1,1,-1
469.178196366061,55032.04498632752,234.8321899106912,374.5564417575269,129.11451341696173,5.781843346826207,1,1,-1
469.2782130355059,55055.51030744942,235.59041276205244,375.6305690958271,120.1600656838489,5.991994500874981,1,1,-1
469.37822970495085,55078.9806302384,235.2160127761412,369.9349676341511,101.39266164599756,5.8769845709346695,1,1,-1
469.4782463743957,55102.45595469445,234.5482509676447,373.891398907689,129.1761395673625,5.608852201755798,1,1,-1
469.5782630438407,55125.9362808176,234.5909358455406,365.1730535999944,169.580427116632,6.793674664005265,1,1,-1
469.6782797132856,55149.42160860783,235.349297325558,377.5376996409556,115.6087106923376,5.017002867362465,1,1,-1
469.7782963827305,55172.91193806513,236.16171835429375,381.4813611079583,115.84801099182457,5.432318238805522,1,1,-1
469.8783130521754,55196.40726918953,235.0654707255709,373.4339102611612,169.94014189282814,6.120110052139268,1,1,-1
469.9783297216203,55219.90760198101,234.52003400659973,360.496174865448,164.50690422040327,5.663493642063876,1,1,-1
470.0783463910652,55243.41293643956,234.04630719444705,368.2166833271176,195.5425789038082,5.932784317467281,1,1,-1
470.1783630605101,55266.92327256521,233.6439762658428,374.1619629143976,28.441190243941577,5.606144363783443,1,1,-1
470.278379729955,55290.438610357945,235.80545953702105,369.0804229871637,161.41568066521626,6.38358209022536,1,1,-1
470.3783963993999,55313.95894981775,235.7671767233395,377.6388324111905,146.14581768269483,5.189686249256037,1,1,-1
470.4784130688448,55337.484290944645,235.81657005952903,374.30862762906384,71.6913637382946,6.368687016837665,1,1,-1
470.57842973828974,55361.01463373863,235.1605554227928,367.92546547,128.46062198737286,6.229659565008655,1,1,-1
470.67844640773467,55384.54997819969,236.7461579497591,371.7091686946298,168.34463012551947,5.167955485019828,1,1,-1
470.77846307717954,55408.09032432782,234.90511304400496,367.1686802045225,74.23798739291757,5.938762449605373,1,1,-1
470.87847974662446,55431.635672123055,236.39450911051944,370.8149235826002,137.73151981798523,5.722949778290054,1,1,-1
470.9784964160694,55455.186021585374,235.45050531304517,369.0448834394442,159.0786210139002,5.364417000051406,1,1,-1
471.0785130855143,55478.74137271476,234.9309057780778,377.7816603097166,61.867571912931744,4.681212918969283,1,1,-1
471.1785297549592,55502.30172551124,236.18179518479732,382.57791325965087,108.21195212191024,5.221753418709375,1,1,-1
471.2785464244041,55525.86707997481,236.0489093308861,364.9319129762616,130.28241611435422,6.070406421189469,1,1,-1
471.378563093849,55549.43743610544,236.04625430619143,362.56177487833617,75.33525631750359,6.123055035553088,1,1,-1
471.4785797632939,55573.01279390317,235.82056830370317,371.0419958670725,71.09207966773755,5.59242688408224,1,1,-1
471.5785964327388,55596.59315336799,235.7514051346526,364.7657811491304,108.205491213427,6.100652195408985,1,1,-1
471.6786131021837,55620.17851449988,238.2276785439623,372.678919328573,154.94776243337725,6.3665337850466,1,1,-1
471.77862977162863,55643.76887729886,237.0735715310105,376.2825435461925,146.96060546803682,5.87709316914683,1,1,-1
471.8786464410736,55667.364241764924,236.66215011552228,380.0985741304415,71.61147124914746,5.405091880285666,1,1,-1
471.9786631105184,55690.96460789806,236.1011307134626,373.7248391046282,147.19877768530665,5.941125138114433,1,1,-1
472.07867977996335,55714.56997569829,237.0464970905784,371.84209185374846,72.70174370455605,6.041059327915924,1,1,-1
472.1786964494083,55738.18034516561,236.6073430010956,363.0059450620754,33.8986650001941,6.098768112425119,1,1,-1
472.2787131188532,55761.7957163,236.16556131220065,373.11879705781433,95.95847197948464,6.1585411568612445,1,1,-1
472.3787297882981,55785.41608910148,235.88580056888316,373.4343092815771,170.372687929527,5.022003516319528,1,1,-1
472.478746457743,55809.04146357005,236.1584558912088,376.3626587168381,146.93088890358115,5.470296839547717,1,1,-1
472.5787631271879,55832.67183970568,233.1189558277159,369.71543580507335,113.96298594351458,4.529524781086151,1,1,-1
472.6787797966328,55856.307217508416,236.54999073761405,371.172614978484,93.11509015923092,6.130624392038767,1,1,-1
472.7787964660777,55879.94759697824,235.9009221529285,366.04786837008686,94.37111851212428,5.598159632291433,1,1,-1
472.8788131355226,55903.59297811512,238.03207656604417,362.071417279132,119.20740448435188,6.093346208761843,1,1,-1
472.9788298049675,55927.24336091911,236.5087589732955,368.0753975265128,60.2552916082892,5.015930266116903,1,1,-1
473.0788464744125,55950.89874539017,235.3504598176713,365.8562555761761,96.18087812743155,6.360072080145597,1,1,-1
473.1788631438573,55974.55913152831,236.5395514178005,375.4814477914889,102.71692452586258,5.159106887672337,1,1,-1
473.27887981330224,55998.22451933355,235.5933188215886,371.2972176979959,45.85089953890741,6.066592971181196,1,1,-1
473.3788964827472,56021.894908805865,237.16285565708608,371.2867039979008,71.3915073873961,5.866024474873979,1,1,-1
473.478913152192,56045.570299945255,237.0304039404355,369.1458260843432,133.74862952247884,5.7015342495989865,1,1,-1
473.57892982163696,56069.25069275174,237.74730454192675,357.9950658196016,113.60832444816408,5.719624331487656,1,1,-1
473.6789464910819,56092.9360872253,236.0485914538464,381.78944839284594,27.03516280226539,5.397292991402192,1,1,-1
473.7789631605268,56116.62648336594,236.92348967649156,369.3365437021687,67.38046280947674,6.435142818726936,1,1,-1
473.8789798299717,56140.32188117368,235.5744681195592,372.36579763374766,35.513594431349816,5.684085950995611,1,1,-1
473.9789964994166,56164.022280648496,237.690993031633,367.2434388234951,70.87226544083767,5.215500232480842,1,1,-1
474.0790131688615,56187.727681790384,237.55837776487087,379.46755303408935,125.260670607479,5.647314841825566,1,1,-1
474.1790298383064,56211.438084599366,237.5853199401808,375.4150476690172,88.19745205019869,5.9056616775818265,1,1,-1
474.2790465077513,56235.15348907544,237.1411422852326,370.6560782244458,114.31481937751091,6.254182402956165,1,1,-1
474.3790631771962,56258.873895218574,237.60430447938688,372.91675826099953,135.2913621588756,5.540730607401915,1,1,-1
474.4790798466411,56282.59930302881,238.8438790316292,383.3588075952884,43.8081378846763,5.675333832249973,1,1,-1
474.57909651608605,56306.32971250613,237.00445400100105,374.6930624922022,111.90031933000056,5.805857269274382,1,1,-1
474.6791131855309,56330.06512365052,237.47820177647557,374.2392436304736,171.67780003114828,6.269469273356095,1,1,-1
474.7791298549759,56353.80553646201,236.3034386283065,370.53100555480125,200.12677009564567,5.052680800627749,1,1,-1
474.8791465244208,56377.550950940575,236.57131230061205,365.8550089000806,105.46135633416505,6.011539604493194,1,1,-1
474.9791631938657,56401.30136708621,237.58739489002613,374.6177229514898,113.9565666132533,5.609630121447275,1,1,-1
475.07917986331057,56425.05678489895,238.6435234783572,377.13534354795416,222.3496805602506,5.76564093880379,1,1,-1
475.1791965327555,56448.81720437877,237.33331744212617,381.09584197491387,168.4398376528955,6.821731960252863,1,1,-1
475.2792132022004,56472.58262552565,237.40369007178805,364.4454386477218,80.74006106069314,5.728446795720589,1,1,-1
475.3792298716453,56496.353048339646,237.28272969131828,370.1524413520494,80.56585438023038,6.194167052469823,1,1,-1
475.4792465410902,56520.12847282072,237.2048665997008,372.9642192013267,159.25330880839925,6.169930353588458,1,1,-1
475.5792632105351,56543.90889896885,238.0846030609764,375.9405220781875,60.78485934756411,5.292213896775963,1,1,-1
475.67927987998,56567.69432678409,236.34238229481136,375.322759530356,165.63400482686777,4.817530139054538,1,1,-1
475.77929654942494,56591.48475626641,239.1705878513792,375.52948622650615,127.8736880797996,6.381406090265383,1,1,-1
475.8793132188698,56615.2801874158,237.27423431130543,378.2684116147367,136.95582189121205,5.2743545708091935,1,1,-1
475.97932988831474,56639.080620232286,238.7115684295955,371.801467434936,98.14425842183113,5.101323192771836,1,1,-1
476.07934655775966,56662.886054715855,236.76967468148595,381.0786418669445,79.40094434098143,6.288096465319084,1,1,-1
476.1793632272045,56686.696490866496,238.75852174414848,378.6651985312178,183.9031330488509,5.427536376553872,1,1,-1
476.2793798966495,56710.51192868423,238.81163455613924,374.9887766690245,98.3780053677764,5.555329421073133,1,1,-1
476.3793965660944,56734.33236816905,238.5739003550531,384.682479616054,90.07956433791762,6.9093579274271,1,1,-1
476.47941323553925,56758.15780932095,237.24527809596984,384.5500215014128,106.5309843682344,4.9838996592775,1,1,-1
476.5794299049842,56781.988252139934,238.53926314209016,381.52241976646746,120.1005347615434,5.291199801788323,1,1,-1
476.6794465744291,56805.823696626,237.15666710248016,361.855160804604,58.81983286430141,5.57669594817213,1,1,-1
476.779463243874,56829.66414277915,238.1369683668408,384.93267178797726,82.02924621920631,5.766371260331057,1,1,-1
476.8794799133189,56853.50959059938,239.4691530576148,381.1017406036916,-77.86967502720464,5.548443517014979,1,1,-1
476.97949658276383,56877.3600400867,239.28645021845264,387.24999284684105,152.36051135640477,5.401055867211712,1,1,-1
477.0795132522087,56901.21549124109,238.5549395686448,383.4952742838885,65.71031108041487,6.675620131056596,1,1,-1
477.1795299216536,56925.07594406258,237.614958384904,385.2896663796518,22.132060375732934,5.975402439225993,1,1,-1
477.27954659109855,56948.94139855116,239.28536100772348,381.8812289100117,11.477809274103592,6.2728787718081565,1,1,-1
477.3795632605434,56972.81185470679,238.70916286796967,384.3214223192819,36.225685157665694,5.864605604765817,1,1,-1
477.4795799299884,56996.68731252953,236.41947436676372,387.6385766966711,177.73382676592192,5.891229212280101,1,1,-1
477.5795965994333,57020.56777201936,239.57242812603317,378.84073335183433,110.37954153361343,6.470208998119654,1,1,-1
477.6796132688781,57044.453233176246,238.81557380056935,369.9868086064972,134.5440309833453,5.443760431281809,1,1,-1
477.7796299383231,57068.34369600024,240.0922662171446,376.4006584937566,136.21839817420062,6.178680066104917,1,1,-1
477.879646607768,57092.23916049131,237.8445527850412,379.9776926576941,112.11571294841364,6.210659059539387,1,1,-1
477.97966327721286,57116.13962664945,235.8131278254104,378.4924042495791,105.48002738639497,6.469575898153936,1,1,-1
478.0796799466578,57140.045094474684,239.31892383167408,371.9751581638686,161.3580588235587,6.956982866744172,1,1,-1
478.1796966161027,57163.95556396701,239.3814119847333,370.1426315356354,116.34424802957788,6.023074453268021,1,1,-1
478.2797132855476,57187.8710351264,237.44918501516733,374.6821579853806,178.91211107013268,6.399710317497769,1,1,-1
478.3797299549925,57211.79150795289,238.21136543162964,382.51667077542,139.91158892035682,4.557488184289073,1,1,-1
478.47974662443744,57235.71698244647,241.99509105593864,386.4696735165586,77.89320223080746,6.97808718450792,1,1,-1
478.5797632938823,57259.64745860711,238.98427103278732,383.2408143982768,83.83930860470417,5.592749541127527,1,1,-1
478.6797799633272,57283.58293643485,240.07084895803985,384.0351144319034,72.23583295747335,5.923961861096892,1,1,-1
478.77979663277216,57307.52341592967,238.7392384890177,378.4339017974594,169.3996073926958,6.156226934808531,1,1,-1
478.879813302217,57331.46889709156,237.34960375225532,370.2175690416919,88.18286114022806,5.745550633386477,1,1,-1
478.979829971662,57355.41937992055,239.31965673903508,376.7418800927527,68.4250408616737,6.081323965662591,1,1,-1
479.0798466411069,57379.37486441662,239.2743187602673,377.8141626047488,124.25092403842544,6.773238457085822,1,1,-1
479.17986331055175,57403.33535057976,239.1900534166075,376.7127238968768,103.31707725468787,5.780395689153595,1,1,-1
479.2798799799967,57427.30083841,239.525299154492,379.5614623248728,122.8173380486635,5.456443702958125,1,1,-1
479.3798966494416,57451.27132790733,239.95421659636645,381.5850884644089,202.49315666116215,6.941704901458917,1,1,-1
479.4799133188865,57475.24681907172,239.58983970818943,383.7330672731061,153.56961995410302,6.268563625008534,1,1,-1
479.5799299883314,57499.22731190321,238.52595882621836,378.1673936770016,109.18029465326788,6.879375890586686,1,1,-1
479.6799466577763,57523.21280640179,240.3261581204501,370.1291976375546,37.3223540424486,6.497206101988589,1,1,-1
479.7799633272212,57547.20330256743,237.94060990828817,377.3236077362664,82.65922368574337,5.208678127435103,1,1,-1
479.8799799966661,57571.19880040017,237.88963254104883,380.0465499846265,143.12354789054575,6.189008220752775,1,1,-1
479.9799966661111,57595.19929989999,240.7291788277571,386.03203927727816,48.933153865848574,5.606384810768389,1,1,-1
480.0800133355559,57619.20480106689,240.5470269399133,377.1689621226351,214.44775256458723,6.087173549809773,1,1,-1
480.1800300050008,57643.21530390088,240.0326196374264,382.660721142497,108.03416653741046,6.003527093025435,1,1,-1
480.28004667444577,57667.23080840195,238.7445748324678,381.63844416562176,109.66992742711024,5.127278657900727,1,1,-1
480.3800633438906,57691.251314570094,239.48212073127124,380.497509000006,73.8094861282297,5.589970887081151,1,1,-1
480.4800800133356,57715.276822405336,239.9772932589813,385.0206745979565,131.8929402179906,7.13945365361666,1,1,-1
480.5800966827805,57739.30733190767,238.69415437281612,377.1538036845151,49.07033719489071,6.051181071551393,1,1,-1
480.68011335222536,57763.34284307706,239.60102801808944,377.672079087005,215.12950060177616,5.918298073921985,1,1,-1
480.7801300216703,57787.383355913546,241.04239534901183,380.5785088866959,172.6669484341338,7.030430042362959,1,1,-1
480.8801466911152,57811.42887041712,241.86737870984683,377.5272821436431,155.92878589061394,5.993376365256205,1,1,-1
480.9801633605601,57835.479386587765,240.07064692762148,383.358077791329,37.10716209021135,5.99878388288283,1,1,-1
481.080180030005,57859.53490442551,241.2965783693186,377.3420564811698,116.81399291659817,6.640184838636379,1,1,-1
481.18019669944994,57883.59542393033,238.67603827913752,382.1295407086707,166.91243451888903,5.730144859825051,1,1,-1
481.2802133688948,57907.66094510223,241.299557925561,380.5871574929557,136.02823796646774,5.771766852606129,1,1,-1
481.3802300383397,57931.73146794122,239.8861666044424,382.2526528277175,56.18243424868569,4.902530351753718,1,1,-1
481.4802467077847,57955.806992447295,241.0474689706003,378.9693176954633,73.69819124366863,5.656150905781827,1,1,-1
481.5802633772295,57979.88751862044,240.54237927037505,379.6625848650888,83.52112963003735,5.610063584894478,1,1,-1
481.68028004667445,58003.97304646069,242.16055403312103,381.9280743446527,75.8611702652691,6.294770330811647,1,1,-1
481.7802967161194,58028.06357596801,240.01571270971976,382.5484022024185,182.3871971183668,5.734772585995345,1,1,-1
481.8803133855643,58052.15910714242,241.567762990344,381.6070217616006,9.812859564335524,7.245984247005437,1,1,-1
481.9803300550092,58076.259639983895,240.71065756420805,390.2448447880663,138.57480243633114,5.568029157775057,1,1,-1
482.0803467244541,58100.36517449247,240.8818678842174,376.854350078739,41.07907337589423,6.81117414698408,1,1,-1
482.18036339389903,58124.47571066813,240.9063278037903,381.5770173646264,57.54713208556314,6.222728501038275,1,1,-1
482.2803800633439,58148.59124851086,240.29451692717785,374.11989289574944,5.038570063231944,6.46619019017111,1,1,-1
482.3803967327888,58172.711788020686,241.17609940048771,383.9384470666158,77.98811635594957,6.507934818020435,1,1,-1
482.48041340223375,58196.8373291976,241.17755847899505,376.59180865833935,180.89308750271817,5.025926644722606,1,1,-1
482.5804300716786,58220.967872041576,241.53145528424605,380.866491727785,118.51345151150946,6.158227220364668,1,1,-1
482.6804467411236,58245.10341655265,241.42472851625465,380.48772304745575,45.26996389752927,6.02415582021246,1,1,-1
482.7804634105685,58269.24396273081,242.18822625489648,383.8425019740627,155.96129416845898,5.6512625952060525,1,1,-1
482.8804800800133,58293.38951057604,242.36374865605404,379.76409342027546,166.58506011887098,6.461929160908399,1,1,-1
482.9804967494583,58317.540060088366,240.4396250529013,379.6415211864759,110.13817471844976,6.932942320284791,1,1,-1
483.0805134189032,58341.69561126778,242.4090292100424,389.88733366231975,206.58937948152368,4.899319995516795,1,1,-1
483.18053008834806,58365.85616411426,240.40392861706417,384.2208869612074,145.84626584013105,5.804517470904408,1,1,-1
483.280546757793,58390.02171862783,242.22812926703423,380.082800415668,114.37196732791892,5.598134171679366,1,1,-1
483.3805634272379,58414.1922748085,242.31002049832185,381.7238879836676,64.43160148870481,6.263608030701874,1,1,-1
483.4805800966828,58438.36783265622,239.8289731566789,391.294832771022,135.88680022394908,5.8619214603515495,1,1,-1
483.5805967661277,58462.548392171055,241.88327762959327,381.98223528535726,115.27284583207604,5.88995654169088,1,1,-1
483.68061343557264,58486.73395335296,241.371810604426,379.8016782277953,130.34120495396076,6.495693006057109,1,1,-1
483.7806301050175,58510.92451620194,241.13154979457337,379.9130822598698,70.03701353801445,6.949370424156588,1,1,-1
483.8806467744624,58535.12008071802,243.29117571793023,380.6824322724984,110.58784514038292,7.638668562501645,1,1,-1
483.98066344390736,58559.32064690118,241.33665258131623,380.54557773225713,63.25649903832967,5.778248104314216,1,1,-1
484.0806801133522,58583.526214751415,241.23396312755807,377.20982876958897,-3.34029117663556,5.229221992929761,1,1,-1
484.1806967827972,58607.73678426874,242.16604333140367,378.0770691935448,153.8483486158137,6.4955344373081845,1,1,-1
484.2807134522421,58631.95235545315,242.82594647241945,379.6414694734174,28.7305440070256,7.075182958006732,1,1,-1
484.38073012168695,58656.17292830463,242.04871647483336,386.83592810443423,109.12625572138852,6.6131793320597,1,1,-1
484.4807467911319,58680.39850282321,243.4067439412352,382.0618882427488,120.33404477846878,7.120638512322288,1,1,-1
484.5807634605768,58704.62907900888,242.82135739225248,383.0222679005875,119.92916130276744,6.15682171714416,1,1,-1
484.6807801300217,58728.8646568616,240.16217874527945,390.4985181392767,89.36419536005744,5.747192404337909,1,1,-1
484.7807967994666,58753.10523638143,241.86093143622628,390.7131154296387,116.99592760803216,6.248684345865475,1,1,-1
484.8808134689115,58777.350817568346,241.87856463510408,382.9174566312024,126.90097835805686,6.027132854502999,1,1,-1
484.9808301383564,58801.601400422325,242.9697760226076,381.2637654604186,406.62392951884544,6.613257389842142,1,1,-1
485.0808468078013,58825.856984943406,239.91560634752656,380.1859331124125,189.8594323378332,6.516699686567518,1,1,-1
485.1808634772463,58850.11757113157,245.1394414473409,388.0619651962658,114.81454231278497,6.983196782810843,1,1,-1
485.2808801466911,58874.3831589868,243.17146616823976,383.6645518470577,106.2248123671134,6.553510539643966,1,1,-1
485.380896816136,58898.653748509125,242.8393252119857,382.8456152299997,57.60352318338118,6.393946573042214,1,1,-1
485.48091348558097,58922.92933969854,243.92202445920964,380.7997684728703,124.65495488406157,6.756832279598195,1,1,-1
485.5809301550258,58947.20993255502,245.1341191303256,381.1097609704456,136.14452693517276,5.477224074226309,1,1,-1
485.6809468244708,58971.4955270786,243.71122005682375,386.6483856399133,93.07801145128488,6.447660215881117,1,1,-1
485.7809634939157,58995.78612326926,243.83929484342943,378.56090501995527,129.8416605073361,6.379090807693282,1,1,-1
485.88098016336056,59020.081721127,243.07118010614465,390.20244148527576,87.90315594639712,6.396548358082584,1,1,-1
485.9809968328055,59044.38232065182,242.8489726630358,382.648876464206,135.99659419446013,6.228013112218074,1,1,-1
486.0810135022504,59068.68792184374,242.56471130712032,384.6599216289661,147.99513884557058,6.464490176878887,1,1,-1
486.1810301716953,59092.99852470272,242.2644030941331,378.8132132264668,147.21454357013883,5.936684394352724,1,1,-1
486.2810468411402,59117.3141292288,242.4535093208706,385.5262749929022,108.09355911325622,6.804223687748201,1,1,-1
486.38106351058514,59141.63473542196,241.8399757909496,384.03650163760574,50.12119322858653,6.426076327809096,1,1,-1
486.48108018003,59165.9603432822,243.16466863933,385.5177050237206,71.44227155893498,6.3730009245264005,1,1,-1
486.5810968494749,59190.290952809526,241.6058808475111,393.2166541767569,131.7141790928978,5.82133579230667,1,1,-1
486.6811135189199,59214.62656400394,243.53147328360365,386.8366015808432,224.315382167108,6.735328238573403,1,1,-1
486.7811301883647,59238.96717686542,243.35423448614003,382.0648170981075,84.75724750652083,6.416498588471049,1,1,-1
486.88114685780965,59263.312791394,243.58750872729152,382.57151513304814,124.50375437498803,5.954512484353883,1,1,-1
486.9811635272546,59287.66340758967,242.9684501936073,389.19377228229433,73.82789207137155,6.2532711153270455,1,1,-1
487.08118019669945,59312.0190254524,246.61745046853025,392.8015844746371,52.85088228787022,6.894368120059557,1,1,-1
487.1811968661444,59336.37964498223,244.9507143332525,387.8077097903697,67.65222088962344,6.719518149614673,1,1,-1
487.2812135355893,59360.74526617915,242.39606426770996,389.9316850763328,-2.736740237291329,6.478265276165325,1,1,-1
487.38123020503417,59385.115889043125,243.923483189944,389.62681163718696,168.97752118180807,6.406003949850335,1,1,-1
487.4812468744791,59409.49151357421,243.13261729430224,393.76344675423553,-10.2817703134196,6.807945140009917,1,1,-1
487.581263543924,59433.87213977237,242.7761520452546,377.0101754907623,87.95236991360856,6.884763998470563,1,1,-1
487.6812802133689,59458.25776763761,242.5005680355605,390.18422271785954,42.15649052107296,6.6119744471965065,1,1,-1
487.7812968828138,59482.64839716994,244.32286513216616,391.8568099077992,223.9025382815485,6.098676459180131,1,1,-1
487.8813135522588,59507.04402836935,243.2592765410598,380.334512824548,169.72742003907712,5.77636832281599,1,1,-1
487.9813302217036,59531.44466123584,244.95849113487705,382.6897921021383,110.8739343588886,6.172397105397035,1,1,-1
488.0813468911485,59555.85029576942,245.0344556601047,382.9542209459741,52.47013925010072,7.427403798437528,1,1,-1
488.1813635605935,59580.260931970086,245.46459616550817,383.65418537417247,71.18351743129317,6.626568878101532,1,1,-1
488.2813802300384,59604.676569837815,243.28830334894508,384.9795527683262,62.30480432442965,7.370995128620852,1,1,-1
488.38139689948326,59629.09720937265,244.66606406043363,388.691153755223,98.32113742494452,6.360364231932205,1,1,-1
488.4814135689282,59653.52285057456,244.8731610011064,391.8965146127297,109.06262529106571,6.3079857501872985,1,1,-1
488.58143023837306,59677.95349344355,243.81653694408257,393.06472781268,195.11646402487924,6.313961893341909,1,1,-1
488.681446907818,59702.38913797963,243.5689514965161,383.5590293849429,4.4424356128944,6.284648945857077,1,1,-1
488.7814635772629,59726.8297841828,246.00025245440744,383.6146313642113,98.43667091039096,6.142638239545491,1,1,-1
488.8814802467078,59751.27543205303,244.66823599908597,394.5072572247519,84.31877889191475,5.846216831114228,1,1,-1
488.9814969161527,59775.726081590365,245.12671620878808,391.2518693687085,147.34453085837967,6.708783395025011,1,1,-1
489.0815135855976,59800.18173279478,243.71868078097089,388.5224755679047,117.6780153676525,6.87043553006561,1,1,-1
489.1815302550425,59824.642385666266,243.37148066099903,390.5648364032791,129.37528883175116,7.537070458623681,1,1,-1
489.2815469244874,59849.10804020485,244.0713236877516,388.13913578319153,117.0316206239348,6.154974078592353,1,1,-1
489.3815635939324,59873.578696410514,244.56676040957615,391.0010797746313,53.09795183495429,6.236016990483129,1,1,-1
489.4815802633772,59898.05435428325,243.6765701248713,386.78782454380905,160.18104352741528,5.953925591324312,1,1,-1
489.58159693282215,59922.535013823086,244.7809536577607,389.9021843654784,139.46333831381386,6.992719176156925,1,1,-1
489.6816136022671,59947.02067503,243.15230161306505,381.0954311083792,145.23497077515646,6.704139786267621,1,1,-1
489.781630271712,59971.51133790398,243.7707677133861,385.29924155304406,162.5814414948209,5.908778833743689,1,1,-1
489.8816469411569,59996.00700244507,245.6117347188553,385.443108810164,120.18320340633063,6.046640329394404,1,1,-1
489.9816636106018,60020.507668653234,245.5946223255788,387.0462161950256,173.2696475567168,6.972599097057428,1,1,-1
490.0816802800466,60045.01333652847,244.64896337463648,384.3756017541059,118.02264843927686,6.610663443638651,1,1,-1
490.1816969494916,60069.5240060708,244.07308416566883,386.4304515658337,88.10844641900438,6.75116887597703,1,1,-1
490.2817136189365,60094.03967728022,244.11345325794224,381.6161010499031,98.6519496867789,5.933891978345516,1,1,-1
490.3817302883814,60118.56035015671,244.81759689824935,392.0216754108127,97.71078956455143,5.493988361318948,1,1,-1
490.4817469578263,60143.08602470029,245.8853919705585,388.95560710122567,72.85430794625407,6.082603895624786,1,1,-1
490.5817636272712,60167.61670091096,246.21912750497995,380.932138323847,180.33927581708667,6.891212212963334,1,1,-1
490.6817802967161,60192.1523787887,244.8443584128761,385.3740284769383,113.48062423932105,7.490567289049586,1,1,-1
490.781796966161,60216.69305833353,244.2374060570957,391.3211868344269,103.32386548855014,6.17068148889664,1,1,-1
490.881813635606,60241.23873954545,245.7087504556693,387.0130716316316,117.92180329267684,7.643590538671539,1,1,-1
490.9818303050508,60265.78942242443,244.6673801818996,386.3334757298146,247.42202829886455,6.835480883765586,1,1,-1
491.08184697449576,60290.34510697052,245.02267084838667,389.5352213124092,41.764367963436655,5.753096153352468,1,1,-1
491.1818636439407,60314.90579318369,246.91620791240737,391.7161740402852,56.01998970437786,6.711205501343214,1,1,-1
491.2818803133856,60339.47148106392,246.46805558525853,382.9064257461427,29.164765229612957,6.9996275051563455,1,1,-1
491.3818969828305,60364.04217061125,245.84892280366668,392.9288321043725,86.48481785663833,5.304367296400573,1,1,-1
491.4819136522754,60388.61786182568,244.46903782502497,386.26672495719066,110.31222843562934,6.726580262668514,1,1,-1
491.5819303217203,60413.19855470716,246.0023617283308,390.2685531909231,289.5514712701581,7.115996474885788,1,1,-1
491.6819469911652,60437.78424925575,246.9036307863701,390.2710939956589,68.84272305082024,6.802597295279915,1,1,-1
491.7819636606101,60462.37494547141,245.51534816453952,387.90286577486216,104.92150545740968,6.459006029412032,1,1,-1
491.881980330055,60486.97064335415,247.2921042550142,385.5098993023519,72.61764813096582,6.548360180870391,1,1,-1
491.9819969994999,60511.57134290399,247.28374378926816,389.2897669594887,113.15367054164152,6.518481161992923,1,1,-1
492.08201366894485,60536.17704412091,247.7047396666159,398.9348529122705,153.2784988432409,6.080439020511702,1,1,-1
492.1820303383897,60560.7877470049,246.39625829572623,384.0898278815208,131.34026978332503,6.218020832867886,1,1,-1
492.28204700783465,60585.40345155598,246.72841520372333,399.4497697963078,141.46144085232257,6.380579602954116,1,1,-1
492.3820636772796,60610.02415777415,247.6052191269709,389.77960051234527,151.6287836338607,6.717073405970098,1,1,-1
492.4820803467245,60634.64986565939,246.6884341104312,391.3450651201156,111.3964229427274,6.307208737970279,1,1,-1
492.58209701616937,60659.28057521172,245.7898144002945,385.8246556446933,89.24517777687052,6.077717712250304,1,1,-1
492.6821136856143,60683.91628643114,245.8925140062793,387.491864285174,58.48685189126535,6.900553322007486,1,1,-1
492.7821303550592,60708.55699931765,246.6296201313033,388.9236647853159,77.46293577444519,6.766126378731872,1,1,-1
492.8821470245041,60733.202713871215,245.15051209030585,386.2997398480609,70.75996795787927,6.190444831613796,1,1,-1
492.982163693949,60757.85343009188,246.34782293161032,390.57362658254056,133.45032362326873,6.810970014831487,1,1,-1
493.082180363394,60782.50914797964,247.63763729992723,389.6731385773055,114.12835973779818,6.436386853537015,1,1,-1
493.1821970328388,60807.16986753446,244.3998446652541,401.05212541546257,131.549711825434,6.4302294168382685,1,1,-1
493.2822137022837,60831.83558875638,248.1755889529364,386.05835044182606,38.61762448254618,7.194264673723289,1,1,-1
493.3822303717287,60856.50631164538,247.8134894045675,392.49167562091577,168.1446519641254,6.375410705106384,1,1,-1
493.4822470411736,60881.182036201455,246.2813589047563,393.3074561136265,75.13093145845212,5.966201551173048,1,1,-1
493.58226371061846,60905.86276242463,247.33452268318104,386.80662362780265,41.40195197953473,6.565711952311439,1,1,-1
493.6822803800634,60930.54849031488,246.844287916938,395.6823655152705,74.36479161001103,5.916592518364603,1,1,-1
493.78229704950826,60955.2392198722,248.1211388931928,390.3465946405427,220.43693691730388,6.563589582259965,1,1,-1
493.8823137189532,60979.93495109662,247.9238400022465,379.96628311398,76.78581301984624,6.545943219225468,1,1,-1
493.9823303883981,61004.63568398813,245.59109447101605,395.8174810993626,79.83991339775957,5.264211514707203,1,1,-1
494.082347057843,61029.3414185467,247.6284359423857,387.0235302852725,86.4126450878436,6.927534201540558,1,1,-1
494.1823637272879,61054.05215477237,246.8855540100007,387.4593616420333,88.51006356771099,6.510344605109433,1,1,-1
494.2823803967328,61078.76789266513,247.2240227688845,396.2277484541353,56.79054449194618,7.220224649411878,1,1,-1
494.3823970661777,61103.48863222495,246.46302663211904,391.1424322945255,102.94832835868262,6.674996086414967,1,1,-1
494.4824137356226,61128.21437345187,248.98934393693216,397.55710212631976,149.49080734921435,7.140672543774559,1,1,-1
494.5824304050676,61152.94511634587,248.33127702243635,399.1090735173334,111.34897672966132,7.314422432283629,1,1,-1
494.6824470745124,61177.68086090695,246.60145237328325,389.9236024058398,240.8746790635776,6.512663403825658,1,1,-1
494.78246374395735,61202.42160713512,246.05662126506843,397.2045588541709,78.26429737241925,6.533653574759543,1,1,-1
494.8824804134023,61227.167355030375,247.0555675757233,389.5509440343758,67.8288551630734,5.828776826255723,1,1,-1
494.9824970828472,61251.918104592696,247.9257511875149,404.58382929394566,97.97589220865076,7.306186352871898,1,1,-1
495.0825137522921,61276.67385582212,247.78146272009224,390.0434663525731,161.7752570346355,6.601825744885846,1,1,-1
495.182530421737,61301.43460871862,248.84439803563677,398.7286902469737,87.73234929712443,6.258233667083856,1,1,-1
495.28254709118187,61326.200363282194,248.4311932677718,397.90720483852607,90.69262222956364,7.097387166778006,1,1,-1
495.3825637606268,61350.97111951287,248.66085090606632,395.35869548660736,183.90654407349965,5.656298967519557,1,1,-1
495.4825804300717,61375.746877410624,248.0681456156463,390.51554223592376,138.75860101139034,6.483365925585083,1,1,-1
495.5825970995166,61400.52763697545,246.4019998195473,393.2012722502446,123.57642461559016,7.016406717148937,1,1,-1
495.6826137689615,61425.31339820737,247.64560835333387,383.2803208121734,192.7030610963667,6.444753872325375,1,1,-1
495.7826304384064,61450.10416110638,248.9514049591119,395.2603632357519,119.21122358197196,6.410827105196848,1,1,-1
495.8826471078513,61474.89992567245,247.88980062540105,395.9763413659271,-4.6814551041730255,6.475414530064722,1,1,-1
495.9826637772962,61499.70069190562,248.49442225727188,394.9857634730365,136.20249163408934,5.727700687646742,1,1,-1
496.0826804467412,61524.506459805874,247.72259190812449,379.54173718821136,14.893143173980462,7.027621455450748,1,1,-1
496.182697116186,61549.3172293732,247.0615367095512,388.1700874861696,117.0182572449262,6.554591929618001,1,1,-1
496.28271378563096,61574.13300060762,248.01801282876937,390.8478164643198,8.655293342896229,6.557762189353066,1,1,-1
496.3827304550759,61598.95377350913,248.5004126705706,396.13656771145287,70.92424516223343,6.598817888949979,1,1,-1
496.4827471245208,61623.779548077706,247.5856858427989,396.214969240667,76.00239318561565,6.665775605829147,1,1,-1
496.5827637939657,61648.61032431338,248.05567065212617,394.0071574195407,55.61032859114032,7.023706863408531,1,1,-1
496.6827804634106,61673.44610221613,247.40192698971933,398.12450572936086,76.59840863429488,6.617738268831122,1,1,-1
496.7827971328555,61698.28688178596,249.51064348399183,389.90706783677103,145.5938792593252,6.134344063638516,1,1,-1
496.8828138023004,61723.13266302289,248.14695114356215,398.1794564087,58.19299253892449,6.9921714537660495,1,1,-1
496.9828304717453,61747.98344592689,249.9441707809989,397.591993571374,121.07258713808042,7.099576886610337,1,1,-1
497.0828471411902,61772.83923049797,250.070171421136,397.19605837830863,45.45802625980944,6.963257919181795,1,1,-1
497.1828638106351,61797.70001673614,248.51038594059585,394.4880842256353,84.19055451212047,7.271583424532597,1,1,-1
497.28288048008005,61822.5658046414,247.63299150749268,404.6420071721643,109.78258170558344,6.677776876682562,1,1,-1
497.3828971495249,61847.43659421372,246.60555069702912,398.0442681574019,43.68934253373692,7.134544267556764,1,1,-1
497.48291381896985,61872.31238545314,247.26941983645813,390.8266120656292,27.85494656463112,7.3365808074554275,1,1,-1
497.5829304884148,61897.19317835965,247.41763041930872,396.9998204275214,117.96014040677264,6.936205596855494,1,1,-1
497.6829471578597,61922.07897293323,250.2199432063913,399.610711601157,149.4455772868382,6.498650078889453,1,1,-1
497.78296382730457,61946.96976917391,249.0073065008792,392.99775338810895,89.26369051392263,6.708933640931977,1,1,-1
497.8829804967495,61971.86556708166,249.33109477246677,401.47465928433047,70.27674000767803,7.420029431198423,1,1,-1
497.9829971661944,61996.76636665648,246.7710775741621,398.0284682451995,100.85165819815975,5.8435416368121125,1,1,-1
498.0830138356393,62021.67216789841,247.8435404886024,384.4959096952372,95.76744781354805,6.48375027169966,1,1,-1
498.1830305050842,62046.582970807416,249.9785950289884,397.7966629371981,105.0642015080361,6.681597336878996,1,1,-1
498.2830471745291,62071.49877538349,249.42829769964712,394.3581589453893,-33.567498457979056,6.375879842353545,1,1,-1
498.383063843974,62096.41958162667,249.04432664330145,399.1642054571061,39.31528352510077,7.213771155471869,1,1,-1
498.4830805134189,62121.34538953693,249.8063826153096,401.28938225260094,-242.6267530542124,7.027538708422868,1,1,-1
498.5830971828638,62146.276199114254,250.92734639756773,397.6341199539955,100.1655406916122,6.574273002501733,1,1,-1
498.6831138523088,62171.21201035868,249.1205144626173,405.07457255495433,101.8419730091217,7.086271984548492,1,1,-1
498.78313052175366,62196.15282327019,249.4609350635349,395.9447786293578,124.28308207470664,6.7319236691715325,1,1,-1
498.8831471911985,62221.098637848765,249.63417051433055,400.0524038343893,105.27918311665596,6.380078848919791,1,1,-1
498.98316386064346,62246.04945409444,251.8836915655957,401.0430292542511,27.28943930817788,6.6504499735755385,1,1,-1
499.0831805300884,62271.0052720072,247.4422340006252,396.6215882085452,164.60257998667595,6.865078689728165,1,1,-1
499.18319719953325,62295.96609158703,250.27482161455544,401.0921912598423,155.7744796196116,7.346562375316239,1,1,-1
499.2832138689782,62320.93191283395,249.52680468573,394.314956451087,29.194974302171403,6.573088522597426,1,1,-1
499.3832305384231,62345.90273574796,250.2583869953957,395.2654809587362,108.66643684400512,7.147948350960756,1,1,-1
499.483247207868,62370.87856032904,249.08425104993927,390.9058812691052,62.18634510451507,7.5714493976900545,1,1,-1
499.5832638773129,62395.85938657721,249.742666907798,398.7653719695816,98.82721494052996,6.2045335025781005,1,1,-1
499.6832805467578,62420.84521449248,250.5530508528444,399.2745864339476,144.4760394018126,7.077394721869002,1,1,-1
499.7832972162027,62445.8360440748,253.0045588091452,403.6346455145164,198.2423074533142,7.512280427198246,1,1,-1
499.8833138856476,62470.83187532423,250.74969313222587,401.78403141034414,129.22760684326272,6.867877516913944,1,1,-1
499.98333055509255,62495.832708240734,249.14359967951577,396.4943552722721,106.3371444748497,7.404530632967725,1,1,-1
500.0833472245374,62520.83854282431,249.617913930246,392.1174362857824,74.52609407454709,7.923276989145338,1,1,-1
500.1833638939824,62545.84937907499,249.6382678386073,400.2625884019981,100.55069940164898,6.99718590644832,1,1,-1
500.2833805634273,62570.86521699275,248.34604710908363,403.7421039184159,159.35941242228188,6.603809060637521,1,1,-1
500.38339723287214,62595.886056577576,249.86160842473464,402.0542645923069,89.06230031948675,7.332096380544557,1,1,-1
500.48341390231707,62620.91189782951,250.97453603298027,403.79072901451815,46.91908444172056,7.354646974903517,1,1,-1
500.583430571762,62645.94274074851,249.0174831668042,397.398895401185,10.167260988196972,5.5157371595830575,1,1,-1
500.68344724120686,62670.9785853346,251.390206271654,396.2152498832425,116.73124324604257,6.965783667463399,1,1,-1
500.7834639106518,62696.019431587774,250.87950677641024,394.95383962990616,103.37041007832066,6.7286390274414645,1,1,-1
500.8834805800967,62721.06527950803,249.70750696807733,398.4488657249417,58.637807318487525,7.029472510866346,1,1,-1
500.9834972495416,62746.11612909536,250.35021898743292,398.4253957451101,142.16119266830125,6.786328014093261,1,1,-1
501.0835139189865,62771.17198034979,252.1400787671343,399.9417395345942,69.69897173499157,6.984950278558324,1,1,-1
501.1835305884314,62796.2328332713,251.3253131077216,398.3518657736656,83.98299705814765,6.530312044817834,1,1,-1
501.2835472578763,62821.29868785988,250.6505572838363,398.4202160771538,89.80943975659424,7.274706047179134,1,1,-1
501.3835639273212,62846.36954411556,250.45409864669963,395.29488612787145,73.02251211732965,7.719080039176681,1,1,-1
501.48358059676616,62871.44540203831,250.81839936883475,403.97645312743407,102.29096329868032,6.497167056516767,1,1,-1
501.58359726621103,62896.52626162815,250.2800350751632,399.7409500378397,148.001086032668,6.178951741001597,1,1,-1
501.683613935656,62921.61212288508,248.73705746210896,398.5761417221392,33.22891044642209,6.762382133716835,1,1,-1
501.7836306051009,62946.70298580908,252.9339932130852,395.80121679426406,114.7067467375756,7.076967158305432,1,1,-1
501.88364727454575,62971.79885040016,251.09714863647227,392.9687991754992,98.81646555467044,7.528976743778237,1,1,-1
501.9836639439907,62996.89971665834,251.38997923711787,406.25818735714574,97.82457356476968,6.352535663073599,1,1,-1
502.0836806134356,63022.0055845836,250.9839325568409,402.5815616020026,133.65651830094652,6.665393619617651,1,1,-1
502.1836972828805,63047.116454175935,250.35673184071564,391.7787805154382,92.45712644817463,5.809832368137027,1,1,-1
502.2837139523254,63072.23232543536,250.95593249521391,403.8040828987809,113.93174127692606,7.619602272824548,1,1,-1
502.3837306217703,63097.353198361874,249.59247054869084,404.69077891334257,125.64159022269138,6.947068376607207,1,1,-1
502.4837472912152,63122.47907295545,253.5189601436609,400.7902553406262,64.5582368097219,6.906430265602168,1,1,-1
502.5837639606601,63147.60994921613,250.05736998190767,408.2489308748248,104.66386543017848,6.19832230035778,1,1,-1
502.68378063010505,63172.745827143895,250.30992403120536,401.4319762736249,77.09356501984132,6.264659390542319,1,1,-1
502.7837972995499,63197.886706738725,250.95163944538857,393.354262090209,82.92716676947713,7.138897262031367,1,1,-1
502.8838139689949,63223.03258800066,252.7299827093498,402.3542264021411,73.38655364497215,6.521217230353384,1,1,-1
502.98383063843977,63248.18347092967,251.50642431848252,401.8428695724076,112.97206867960789,7.028523243620351,1,1,-1
503.08384730788464,63273.33935552575,250.30578785791187,397.6919004868977,93.42876617818575,7.901035225366271,1,1,-1
503.1838639773296,63298.500241788926,252.84627034942213,403.66618058212015,109.00227189646436,6.910465835720114,1,1,-1
503.2838806467745,63323.66612971919,252.37294095017276,392.5500617337232,88.3277986442989,6.565536000614907,1,1,-1
503.38389731621936,63348.83701931652,252.23038361532613,405.93122386883584,8.926269883410455,7.225803451650499,1,1,-1
503.4839139856643,63374.01291058095,252.457691234003,396.6777828805392,90.62945209346027,6.440171513230887,1,1,-1
503.5839306551092,63399.19380351246,254.18632722813703,396.2336624399258,92.16669684593136,8.05145220680859,1,1,-1
503.6839473245541,63424.37969811104,254.0270685573132,400.679270870918,101.04842071784286,7.880561080625761,1,1,-1
503.783963993999,63449.57059437672,251.2052666539962,403.50326103961805,59.161045874858445,6.87014908031105,1,1,-1
503.883980663444,63474.766492309485,253.56587532453312,402.24801838431154,29.002958306211116,6.693252899044976,1,1,-1
503.98399733288886,63499.96739190933,252.3751668562033,397.805103904427,119.93577180041277,6.833552151188394,1,1,-1
504.0840140023337,63525.173293176245,252.54110281730465,399.0779549442739,74.95416393561555,6.91193409404194,1,1,-1
504.18403067177866,63550.38419611026,250.399744504246,396.0331913302905,97.12580309819003,7.078946655753462,1,1,-1
504.2840473412236,63575.60010071136,251.9716379052236,400.665005225973,74.41976237074749,7.533803688487447,1,1,-1
504.38406401066845,63600.82100697952,251.3792084149977,407.2535124736214,88.1188973819612,6.4480083353490905,1,1,-1
504.4840806801134,63626.04691491478,253.07009915495,401.947093379792,65.88700018827308,7.607660656281213,1,1,-1
504.5840973495583,63651.277824517136,253.363129175182,406.3554810087531,39.87642360546186,7.434519344046483,1,1,-1
504.6841140190032,63676.51373578655,250.26757065848528,409.42541809053125,111.89657809810286,6.622576011661739,1,1,-1
504.7841306884481,63701.754648723065,252.37003048021975,399.29832047366,57.98343911810336,6.502668398743286,1,1,-1
504.884147357893,63727.00056332666,253.5639351837408,401.3955484705125,96.2665224719439,7.199860670069285,1,1,-1
504.9841640273379,63752.251479597326,252.3054030513555,413.2743807080463,108.52152080302402,6.511036209324439,1,1,-1
505.0841806967828,63777.50739753509,253.27115399339377,409.730135129578,58.58749154630971,7.630153046966912,1,1,-1
505.18419736622775,63802.76831713994,252.94326415074096,394.236397107561,27.66351951912541,6.530096988583689,1,1,-1
505.2842140356726,63828.034238411856,252.9837672497889,404.6241629838718,209.0918120894817,7.369138878162854,1,1,-1
505.3842307051176,63853.30516135087,252.42080037449048,402.7812230322102,61.32872396136789,7.009795510655692,1,1,-1
505.48424737456247,63878.58108595697,251.52554288314556,407.00069029175006,118.8180182083113,6.697749013713812,1,1,-1
505.58426404400734,63903.862012230136,251.67060187457864,399.2335325669754,184.55023638926207,6.938333984095142,1,1,-1
505.68428071345227,63929.1479401704,253.55149287118144,398.8503862111419,127.00240095396153,7.680740692788576,1,1,-1
505.7842973828972,63954.43886977775,252.91160694696748,399.7580761618217,72.41488389356479,6.493371141424071,1,1,-1
505.88431405234206,63979.73480105216,252.8036447815638,400.368788674242,84.01127166021882,6.874761953562486,1,1,-1
505.984330721787,64005.03573399368,252.56827531857115,407.3950539062238,45.66685268564815,6.686077129542369,1,1,-1
506.0843473912319,64030.34166860228,252.7369848501352,397.5024288733788,131.3122135449416,7.056183093912391,1,1,-1
506.1843640606768,64055.65260487794,254.13909382482652,400.3853669062711,115.47116196860009,6.845351234025176,1,1,-1
506.2843807301217,64080.96854282071,252.8069462831928,394.6433761205049,61.366625820671885,6.197064475918982,1,1,-1
506.3843973995666,64106.28948243056,251.85113398648176,408.71402885701855,34.90952230178328,6.476719463073696,1,1,-1
506.4844140690115,64131.61542370747,253.98585881004595,410.12359190405687,20.886977406727,7.994338824643915,1,1,-1
506.5844307384564,64156.94636665149,253.0873387053635,402.2230759195267,136.2048217790295,7.226951565280757,1,1,-1
506.68444740790136,64182.28231126259,253.37361956948345,402.4586979167241,92.828290956685,7.232697294808402,1,1,-1
506.78446407734623,64207.62325754076,254.99981034507263,406.3045559191491,97.4894298223252,7.114927803335618,1,1,-1
506.8844807467912,64232.96920548602,253.42167981604507,411.5008581115704,45.52339574159244,7.104550201962295,1,1,-1
506.9844974162361,64258.32015509837,253.78143238123675,406.2615034794432,13.426351386339306,6.944226618259758,1,1,-1
507.08451408568095,64283.67610637779,252.36333355154213,400.8207416961925,134.66292024743734,7.308950458923682,1,1,-1
507.1845307551259,64309.03705932431,253.372595925212,396.3043402155804,88.56498372111568,7.176838756403995,1,1,-1
507.2845474245708,64334.4030139379,254.251799757494,398.9128234291396,131.75561058832702,6.611047915429152,1,1,-1
507.3845640940157,64359.77397021857,252.1369083131666,404.944553660964,67.02812228437962,7.154145593296278,1,1,-1
507.4845807634606,64385.14992816634,253.943135474846,401.3918204603421,74.41484274930848,5.942678970494681,1,1,-1
507.5845974329055,64410.53088778119,253.8930897890976,405.7332982732444,121.85165524525569,7.374982676510855,1,1,-1
507.6846141023504,64435.91684906311,253.88359450676265,402.0838413290538,122.73521708773475,6.462616219167868,1,1,-1
507.7846307717953,64461.30781201213,254.9294742845559,399.6477309207075,125.9272160642704,7.202615469243543,1,1,-1
507.88464744124025,64486.70377662822,254.27676223546865,399.1433065868586,71.22004918928502,6.601358825348848,1,1,-1
507.9846641106851,64512.1047429114,255.470403953699,412.93023895793465,116.63870568703196,7.295004667164795,1,1,-1
508.0846807801301,64537.51071086167,253.04875087447095,409.6534068239312,141.2976040399885,7.389634141330457,1,1,-1
508.18469744957497,64562.92168047901,254.22827329200584,413.9510595040973,80.53537210134412,7.946219269153887,1,1,-1
508.28471411901984,64588.33765176343,254.22682384589987,408.0882259156775,60.03095132963491,6.424011295736827,1,1,-1
508.3847307884648,64613.75862471495,253.1231109004773,403.3285160357723,152.77420138682044,7.594190438201606,1,1,-1
508.4847474579097,64639.18459933355,255.19866873104615,412.1851793582406,52.846041071903606,7.337607457480286,1,1,-1
508.58476412735456,64664.61557561922,256.6170553695301,405.4931364059266,116.97371391567154,7.158921522045003,1,1,-1
508.6847807967995,64690.05155357198,254.3253843239159,406.8526869311317,82.51038958260969,7.582477564900888,1,1,-1
508.7847974662444,64715.49253319184,254.897419821396,405.6243578512468,-6.715104972574011,7.130131977697681,1,1,-1
508.8848141356893,64740.93851447876,254.52692554366,391.1939603171489,141.72460461928506,7.57737467240381,1,1,-1
508.9848308051342,64766.38949743278,253.77883073265997,414.04215814198767,-52.66600023136978,6.662789822684409,1,1,-1
509.08484747457913,64791.84548205388,252.7216634594876,408.5635044772467,-14.047887527974126,6.757763614652731,1,1,-1
509.184864144024,64817.306468342045,253.88665858891665,407.84760171874495,111.4569088674724,7.639339418778871,1,1,-1
509.2848808134689,64842.77245629732,253.25048202578276,405.9796077699941,111.37590838689624,7.859357424397675,1,1,-1
509.38489748291386,64868.24344591967,256.39655081951605,407.195628850222,53.07535355111385,7.349346471360512,1,1,-1
509.4849141523587,64893.71943720909,254.6273473822561,403.4820967360046,92.2775033410658,5.832961760269483,1,1,-1
509.58493082180365,64919.200430165605,254.44654608185465,409.6413898437168,-41.75299673667199,7.112681361293524,1,1,-1
509.6849474912486,64944.68642478921,255.7316275704121,400.1130030271292,120.0994398040285,7.330506912775669,1,1,-1
509.7849641606935,64970.17742107988,253.77073097749084,407.6688385784221,97.16915621996291,7.041890716459221,1,1,-1
509.8849808301384,64995.673419037645,254.17562637706465,409.6363654358694,82.33300870249525,7.35877558132664,1,1,-1
509.9849974995833,65021.17441866249,255.06057101904028,405.9251540808439,85.58954914973108,7.0226073841231855,1,1,-1
510.08501416902817,65046.68041995442,256.0712760759376,408.862840379258,109.14256165457977,7.760604269653041,1,1,-1
510.1850308384731,65072.19142291344,255.59420046440533,402.141831122676,82.96720855725638,6.7200500874361095,1,1,-1
510.285047507918,65097.707427539535,255.3908488964749,402.359370896312,-9.358004475312768,7.905707742130191,1,1,-1
510.3850641773629,65123.22843383271,255.27064982391747,408.46209202286826,194.09392231512737,8.052784920216967,1,1,-1
510.4850808468078,65148.75444179298,255.64277627893068,410.76125635778607,144.2499454436421,6.85072593776831,1,1,-1
510.5850975162528,65174.28545142033,255.49420166325564,398.0841814741167,19.89531917000744,6.83868012300306,1,1,-1
510.6851141856976,65199.82146271475,254.31258481807188,410.1586145941236,66.81839240863994,7.406876533558117,1,1,-1
510.78513085514254,65225.36247567627,255.43864464920443,404.9225055836326,72.20629991549387,6.69746425985357,1,1,-1
510.88514752458747,65250.90849030487,254.368885103376,406.76448431592166,137.8832970226256,6.95971552551984,1,1,-1
510.98516419403234,65276.45950660055,255.57366463991696,401.1209268015781,-24.08976505489069,7.853042691466971,1,1,-1
511.08518086347726,65302.015524563314,255.0619424902504,403.6504318854142,58.856185200585145,7.629974698153624,1,1,-1
511.1851975329222,65327.57654419317,258.13198038924395,412.82914638094377,-4.29225337971458,8.493270323549654,1,1,-1
511.2852142023671,65353.14256549009,255.6027127174318,408.2528382901378,69.41781697202553,7.389473364339619,1,1,-1
511.385230871812,65378.71358845411,254.2883758696444,406.2646310786334,59.980625653795855,6.8941796678831535,1,1,-1
511.4852475412569,65404.28961308522,255.60844355995152,407.6860829909705,87.52350474724749,7.3301571798494045,1,1,-1
511.5852642107018,65429.870639383385,256.3119908509888,410.80458554439167,53.22826598038533,7.284893033212501,1,1,-1
511.6852808801467,65455.456667348655,257.51600438622586,410.65100056883136,45.85405435393656,7.386665675617188,1,1,-1
511.7852975495916,65481.04769698101,255.3031963748571,408.1633947529752,114.32134990138212,7.268426794443869,1,1,-1
511.8853142190365,65506.64372828043,254.36022913549465,414.09332697638695,106.00549710455182,6.739443652895368,1,1,-1
511.9853308884814,65532.24476124696,256.8095024556717,413.5708462733815,110.77517525229528,7.540526721016846,1,1,-1
512.0853475579263,65557.85079588054,254.6620750730635,410.8753949014446,74.2937049139243,6.525039178851343,1,1,-1
512.1853642273712,65583.46183218123,255.65652667217813,409.1715953372875,54.48528487880782,6.949931896829604,1,1,-1
512.2853808968162,65609.077870149,255.8850699628971,412.2751435652793,77.0631476245759,7.267001482870911,1,1,-1
512.3853975662611,65634.69890978385,256.1230653298304,410.649876865632,107.99748610599326,6.215485950912814,1,1,-1
512.485414235706,65660.3249510858,256.93187157492736,414.47254178260033,-25.965938470159685,7.793546698078533,1,1,-1
512.5854309051509,65685.95599405482,255.60908117028907,413.7563499742066,102.51236012927436,6.278008694938059,1,1,-1
512.6854475745957,65711.59203869088,256.0689945351311,404.2572752503709,98.19744302377156,7.675782311390281,1,1,-1
512.7854642440407,65737.23308499408,256.3784617690709,404.0087305706956,85.7819019792182,6.719030065193614,1,1,-1
512.8854809134856,65762.87913296434,256.5923384142616,406.0223003693282,75.14256152848102,7.179847181304472,1,1,-1
512.9854975829305,65788.53018260171,256.5905759661732,414.49924320862766,-45.76380784052378,7.641732896887433,1,1,-1
513.0855142523754,65814.18623390615,256.9787629014103,401.8270064413813,60.48347997970826,8.511810328016178,1,1,-1
513.1855309218204,65839.84728687766,257.4366049705519,411.772340037722,171.8821131695626,7.506941001534082,1,1,-1
513.2855475912652,65865.51334151624,257.0354079112836,411.7012702145913,82.98932963517642,6.425883232647054,1,1,-1
513.3855642607101,65891.18439782193,257.1463676538643,415.791796719502,66.91391288199586,7.902768244216029,1,1,-1
513.485580930155,65916.8604557947,255.16056729833105,410.9702515463349,83.05790722994698,7.153046322882991,1,1,-1
513.5855975996,65942.54151543455,256.8430264989657,403.4425128070405,99.88548615015966,7.437010878475085,1,1,-1
513.6856142690449,65968.2275767415,257.32231468252405,405.4517866236639,115.0221528130615,7.718675002763492,1,1,-1
513.7856309384898,65993.91863971551,257.62175666381535,404.4285854843598,70.57148282996803,6.350547534243436,1,1,-1
513.8856476079346,66019.61470435659,256.25047302973354,407.7388449291278,103.19587402424428,7.358597504790916,1,1,-1
513.9856642773796,66045.31577066478,256.33379286380114,409.6040585906183,165.7168894247449,7.1570616074505535,1,1,-1
514.0856809468245,66071.02183864005,256.46873979812864,404.78136046357713,132.13139706388884,7.983476156059583,1,1,-1
514.1856976162694,66096.73290828241,257.62926270802603,418.0518797148884,198.76842807220865,7.827381767700397,1,1,-1
514.2857142857143,66122.44897959185,258.1767381977814,404.16216456880926,48.84951188851535,6.69316863275028,1,1,-1
514.3857309551593,66148.17005256837,256.785405370288,417.6090902148284,165.43217000571644,8.028833048768472,1,1,-1
514.4857476246041,66173.89612721195,258.15083612592906,416.8943899196571,42.02372971494508,7.729408227138465,1,1,-1
514.585764294049,66199.62720352264,257.4163619561891,415.5500891778501,99.1704883427066,6.673505610481365,1,1,-1
514.6857809634939,66225.36328150041,257.2186047045845,407.6797450588657,118.05082893458496,7.4594740012947,1,1,-1
514.7857976329389,66251.10436114526,257.1815145866515,412.9508341591784,55.82301647511274,7.946096055660116,1,1,-1
514.8858143023838,66276.8504424572,258.189518515794,404.9417257624853,85.69501563067153,6.900646157282806,1,1,-1
514.9858309718287,66302.60152543623,257.8184933027014,415.9731182723516,126.75483461347474,8.167438185011493,1,1,-1
515.0858476412735,66328.35761008231,259.8187492482844,411.138660856446,45.65326431488773,6.8779875428949175,1,1,-1
515.1858643107184,66354.1186963955,256.7407075123619,409.5519853581384,164.57106391154645,6.998385777884764,1,1,-1
515.2858809801634,66379.88478437577,258.16104219211167,405.5698638647351,11.807193323996644,7.034007774907681,1,1,-1
515.3858976496083,66405.65587402313,257.16374781499263,399.39105917181575,177.956782203974,8.115753579684185,1,1,-1
515.4859143190532,66431.43196533757,256.873670172538,406.67588714672655,130.97375415422067,7.158961964241025,1,1,-1
515.5859309884981,66457.21305831909,257.7820983572141,417.5225840769143,292.4898767779564,6.894391053371634,1,1,-1
515.685947657943,66482.99915296768,257.9803263083785,410.0344276234203,60.64466689844947,7.713920119961211,1,1,-1
515.7859643273879,66508.79024928337,260.81115571875404,411.2919521471636,55.36205693726906,8.041356552307246,1,1,-1
515.8859809968328,66534.58634726613,257.7588446827332,415.50636989112553,73.8591323543505,7.807746367982329,1,1,-1
515.9859976662777,66560.387446916,256.8628201036542,421.3469441572091,78.15961721265828,7.267946304039697,1,1,-1
516.0860143357227,66586.19354823293,258.31601788535573,419.0336247083005,143.28127013594798,7.64481419965409,1,1,-1
516.1860310051676,66612.00465121696,256.0183754650374,407.6369280814358,178.88826188752506,7.011869550440265,1,1,-1
516.2860476746124,66637.82075586804,258.05106705470195,402.8757519102742,90.36020347380057,8.334247911333819,1,1,-1
516.3860643440573,66663.64186218622,258.20905745432384,424.4766777299063,38.04548508196412,8.081297059883854,1,1,-1
516.4860810135023,66689.4679701715,259.0376408896963,424.1135661596475,52.97636091632428,8.11523281547939,1,1,-1
516.5860976829472,66715.29907982386,259.2666710909014,413.8008777504411,71.04392856950344,7.988597815568711,1,1,-1
516.6861143523921,66741.1351911433,257.83948755728835,406.59617020733015,28.628218731297984,7.740159879795329,1,1,-1
516.786131021837,66766.97630412983,258.2424514962886,417.8547457716534,21.1231613899066,6.889621571301849,1,1,-1
516.8861476912818,66792.82241878341,257.6769530150303,412.5886963390652,184.86255087510256,7.784213185464277,1,1,-1
516.9861643607268,66818.6735351041,257.3650196255557,412.6537108205396,95.07287653597626,7.500229026942707,1,1,-1
517.0861810301717,66844.52965309187,258.85298529446646,417.7809123185429,38.221604716928034,8.191077855107778,1,1,-1
517.1861976996166,66870.39077274673,257.3195133012117,415.07049350432817,120.64455222024785,7.843233103676276,1,1,-1
517.2862143690616,66896.25689406868,258.2284802839589,407.5595468818314,20.833230861669943,7.785901853064383,1,1,-1
517.3862310385065,66922.12801705771,257.697941559354,411.9549134284408,24.886149165473768,6.627094796125394,1,1,-1
517.4862477079513,66948.00414171378,259.2928070402659,416.9743894141019,39.47089697935629,7.549067499239673,1,1,-1
517.5862643773962,66973.88526803697,260.5945622879646,416.3098875497647,162.28499752508634,7.41517704529226,1,1,-1
517.6862810468411,66999.77139602725,257.54155254061726,415.15871097647647,66.85169757713514,7.583130947084335,1,1,-1
517.7862977162861,67025.6625256846,257.04013037524544,418.605744544008,-42.65323020063674,7.209793677767415,1,1,-1
517.886314385731,67051.55865700905,258.81827030751543,412.2200464994869,139.87188493520975,7.418721646826674,1,1,-1
517.9863310551759,67077.45979000058,259.0088633235457,415.01198198161296,63.98604001309012,7.801034759830521,1,1,-1
518.0863477246207,67103.36592465916,259.26183316906764,397.3307392715741,-13.228721355739694,7.375095373489512,1,1,-1
518.1863643940657,67129.27706098485,258.6468616817985,412.0503854701925,63.34412598856896,7.604143814305201,1,1,-1
518.2863810635106,67155.19319897762,258.9425512329299,418.2081526492293,105.165167356554,6.80665651479657,1,1,-1
518.3863977329555,67181.11433863749,259.5607092770184,412.5266674377098,99.25415364299394,7.198133823901223,1,1,-1
518.4864144024004,67207.04047996443,260.28363809384507,412.23750448165447,168.90921767457934,7.998208995165509,1,1,-1
518.5864310718454,67232.97162295846,257.3381667656044,409.45137834831047,36.28689955731243,6.825892130601341,1,1,-1
518.6864477412902,67258.90776761953,258.9742844316136,419.7654742377748,81.19817319755992,8.191692327899402,1,1,-1
518.7864644107351,67284.84891394773,259.6070409993086,417.5809628087764,43.82062824251032,8.105121971948876,1,1,-1
518.88648108018,67310.795061943,258.5252644354793,419.0557210971335,1.6264228974267354,7.399756397596557,1,1,-1
518.986497749625,67336.74621160536,261.2244185065797,406.3875799651731,122.94946206532929,9.241815603841085,1,1,-1
519.0865144190699,67362.70236293481,258.9078473293062,414.3064012255789,101.77364811822147,8.185215369490109,1,1,-1
519.1865310885148,67388.66351593134,259.5519728572501,413.7980980701015,92.73121868388768,7.139018173665204,1,1,-1
519.2865477579596,67414.62967059492,260.1992959758221,413.8857962428032,99.82398268701009,8.036772310009788,1,1,-1
519.3865644274046,67440.60082692561,259.1019974249004,412.2985187241507,44.1480574616026,7.6116862304173,1,1,-1
519.4865810968495,67466.57698492339,257.8967175006203,413.73813675078486,28.07422300868452,7.096416868283309,1,1,-1
519.5865977662944,67492.55814458826,259.36464435623066,419.8068836901628,80.17867342810177,7.064185353446773,1,1,-1
519.6866144357393,67518.5443059202,260.87274777379673,406.0844046768348,136.29425251159915,8.21294068387,1,1,-1
519.7866311051843,67544.53546891923,259.556420425807,424.6251369506707,158.574966821334,7.315029663573404,1,1,-1
519.8866477746291,67570.53163358531,259.09688958585554,418.24787040259525,117.88022309286023,7.527419732713669,1,1,-1
519.986664444074,67596.5327999185,260.91900443153975,415.7070069661064,79.50483680089147,7.25853044315163,1,1,-1
520.0866811135189,67622.53896791878,259.7125656607364,420.5428388432165,91.47288960865212,7.252010564956271,1,1,-1
520.1866977829638,67648.55013758613,259.5831880778317,408.8394960524542,78.50101370729946,7.552610763478311,1,1,-1
520.2867144524088,67674.56630892059,260.2928133158677,412.8651669194858,26.56183124471039,7.86498544499854,1,1,-1
520.3867311218537,67700.58748192212,260.9641157705456,415.6732959502326,79.02909447523545,6.428324185302555,1,1,-1
520.4867477912986,67726.61365659072,262.62508742738186,423.1964766312908,10.993161826817952,7.857557272840425,1,1,-1
520.5867644607434,67752.6448329264,261.12061833802915,416.2261935404416,71.46846830929691,7.361439291158982,1,1,-1
520.6867811301884,67778.68101092917,261.50323053148253,418.7989514689446,159.4154617793389,8.464950288346122,1,1,-1
520.7867977996333,67804.72219059903,259.8874327008288,413.6907848002827,118.6910937108602,9.110987194869775,1,1,-1
520.8868144690782,67830.76837193598,259.4175391285696,419.16289179174527,31.330149329391038,7.423601582963257,1,1,-1
520.9868311385231,67856.81955494001,260.5557469188807,425.2048810787246,73.80268063627489,6.830023629929068,1,1,-1
521.0868478079681,67882.87573961112,260.6505938192436,421.8863182391674,35.64339367579343,7.756869555259166,1,1,-1
521.1868644774129,67908.93692594928,259.51491949734185,416.5914065088519,74.17464552813583,7.508073045017646,1,1,-1
521.2868811468578,67935.00311395456,260.4681460435249,420.4661423510132,129.29389892540163,8.67007288900719,1,1,-1
521.3868978163027,67961.07430362693,261.0927665098705,420.0662745546664,109.82712862597528,8.565660612796826,1,1,-1
521.4869144857477,67987.15049496638,261.1038506378919,419.8016298070612,201.32220876863292,8.165902684604017,1,1,-1
521.5869311551926,68013.2316879729,261.2977534309805,422.9184599198213,136.67719724769177,7.454713636191852,1,1,-1
521.6869478246375,68039.31788264652,261.1344386424562,422.9710833016511,87.19171789771893,8.074441755336405,1,1,-1
521.7869644940823,68065.40907898718,260.3864735877711,416.9029034650338,56.88110286609765,7.810612799332585,1,1,-1
521.8869811635273,68091.50527699497,260.4295899551148,420.8380934237416,66.74643141164297,7.802091191590715,1,1,-1
521.9869978329722,68117.60647666983,259.7945475184922,415.80322517749823,20.43189724312325,6.853315725444599,1,1,-1
522.0870145024171,68143.71267801177,262.82828229039364,413.1933394686638,142.03450716140475,8.395369237902065,1,1,-1
522.187031171862,68169.8238810208,261.1069659505503,416.5512343386663,-5.662238534994714,7.78735804411182,1,1,-1
522.287047841307,68195.94008569692,260.91867086485865,417.6073140254328,64.5702521780338,7.668597142336168,1,1,-1
522.3870645107518,68222.06129204009,260.2647401739234,409.7708015051852,90.25846568685756,7.368652456261575,1,1,-1
522.4870811801967,68248.18750005036,264.1791984924261,422.4703709151033,-2.8948955832226204,7.569217810082208,1,1,-1
522.5870978496416,68274.31870972773,260.2202208925979,404.4220826719521,118.7568290239482,7.823928029790343,1,1,-1
522.6871145190865,68300.45492107217,260.9147093339372,431.9227961493402,3.223058013584634,6.844132482731272,1,1,-1
522.7871311885315,68326.59613408371,261.8094024305518,425.9481087878347,88.498033411281,8.181879408078899,1,1,-1
522.8871478579764,68352.74234876232,262.0437868947325,417.2236711649361,67.87441668228016,7.277923980638747,1,1,-1
522.9871645274212,68378.89356510798,262.4515143189263,418.665848255561,131.84503735365112,6.806604140379262,1,1,-1
523.0871811968661,68405.04978312076,263.3511991062024,420.2235774876231,127.68619755693194,8.814866768230454,1,1,-1
523.1871978663111,68431.21100280063,262.09975658861623,415.8529178466864,142.0035589898303,7.380190066183056,1,1,-1
523.287214535756,68457.37722414758,260.58757646791133,419.8518171915103,20.11760631110974,7.332506380331853,1,1,-1
523.3872312052009,68483.54844716161,261.4366704774787,418.2587232320118,36.7459508746097,8.32595239881195,1,1,-1
523.4872478746458,68509.72467184272,262.0514563098368,418.5973612013097,131.5949023396824,8.732775572462602,1,1,-1
523.5872645440907,68535.90589819089,263.8618583135511,420.0660317718123,224.4288375949468,7.175774405809362,1,1,-1
523.6872812135356,68562.09212620617,260.4458351283435,412.6810891295836,-0.3022168817985289,7.204596180739516,1,1,-1
523.7872978829805,68588.28335588855,263.0962254467155,419.5365784089663,102.33865514244876,7.443366439637131,1,1,-1
523.8873145524254,68614.47958723799,262.1235716457591,420.24597018833,48.28735581608503,8.278445162528234,1,1,-1
523.9873312218704,68640.68082025452,262.8314961461647,420.1629812289666,165.0773118434846,8.68428059681925,1,1,-1
524.0873478913153,68666.88705493814,261.9416792290217,418.5295810119508,90.33654491847558,7.257079635437527,1,1,-1
524.1873645607601,68693.0982912888,261.2512496502537,425.38802533592286,83.47987379572571,8.451874889776112,1,1,-1
524.287381230205,68719.31452930659,262.89456339450385,418.0204753486128,56.94435544237281,7.514964007109961,1,1,-1
524.38739789965,68745.53576899145,262.8481299769306,421.01536932408095,154.88800555531282,8.034033383051776,1,1,-1
524.4874145690949,68771.7620103434,263.2157642502872,426.4552291265372,93.21369892693218,7.257991800090342,1,1,-1
524.5874312385398,68797.99325336244,262.2804109838913,419.6618624237524,54.80078529719991,7.761995719130059,1,1,-1
524.6874479079847,68824.22949804855,261.7439019306725,421.2210611281363,35.46140930784889,7.726580527528599,1,1,-1
524.7874645774295,68850.47074440171,260.8349452936909,419.75682327616846,71.43182346504389,7.555013300163648,1,1,-1
524.8874812468745,68876.716992422,263.26311389157667,426.5155970925055,26.163063974181817,8.089771656469656,1,1,-1
524.9874979163194,68902.96824210936,262.9176384406037,419.1301269837005,126.4292555996126,7.36770899475947,1,1,-1
525.0875145857643,68929.22449346381,261.5779746600182,426.9255243450175,-15.49169349515411,7.327615333543741,1,1,-1
525.1875312552093,68955.48574648534,262.055191954308,420.0808136522856,67.8897814480488,8.024780357737246,1,1,-1
525.2875479246542,68981.75200117397,262.17701515037567,416.39145617522536,105.31228170763066,8.48612426198041,1,1,-1
525.387564594099,69008.02325752964,261.2107978650671,424.17562231228055,91.8517449388004,7.7299990169995025,1,1,-1
525.4875812635439,69034.29951555241,261.92610823516685,419.3454189575761,38.82184261586528,8.047855750871548,1,1,-1
525.5875979329888,69060.58077524228,261.65996860968806,424.0612642887948,107.6391917502813,8.154774949144327,1,1,-1
525.6876146024338,69086.86703659923,262.431328289329,407.4017395356247,-53.3771801877604,8.249666251461488,1,1,-1
525.7876312718787,69113.15829962326,262.1551181376098,421.1647894366626,73.38769717870382,7.336680037109326,1,1,-1
525.8876479413236,69139.45456431438,261.3168190497951,418.93073830034496,107.03941696645312,7.361014102120988,1,1,-1
525.9876646107684,69165.75583067256,265.0164225359537,416.00247302842047,97.5334333681672,7.683329173350208,1,1,-1
526.0876812802134,69192.06209869783,264.2963813711359,418.6425631188224,40.57634747267864,8.939096652946304,1,1,-1
526.1876979496583,69218.37336839021,262.31482955330915,418.63025407350256,134.14357510798465,8.079670538157814,1,1,-1
526.2877146191032,69244.68963974966,263.4162787062052,421.3488424876574,78.54417663807169,8.140474409694905,1,1,-1
526.3877312885481,69271.0109127762,263.61133073409536,414.84214082243005,111.29986490466564,8.106596568246594,1,1,-1
526.4877479579931,69297.3371874698,264.43495983377,423.3501436970979,150.5458384571691,7.324723295866469,1,1,-1
526.5877646274379,69323.66846383047,262.4752772870589,428.6898503887727,129.90755676195272,8.806841490093086,1,1,-1
526.6877812968828,69350.00474185827,264.43599743242385,423.3534206144275,129.9787882354688,8.224791136989321,1,1,-1
526.7877979663277,69376.34602155314,262.8459936789569,426.0837228427778,83.54715036515513,8.227390508592366,1,1,-1
526.8878146357727,69402.69230291508,262.1080449137177,427.60159373664624,113.55079319216496,6.927103174336846,1,1,-1
526.9878313052176,69429.04358594412,264.2180522119233,428.4012306914426,84.47479643115905,8.358751405657811,1,1,-1
527.0878479746625,69455.39987064023,264.8346824114537,431.6594782615728,13.269722114855044,7.836767803573728,1,1,-1
527.1878646441073,69481.7611570034,266.1818412955843,419.9027764730311,88.8141601366023,7.45295167111512,1,1,-1
527.2878813135522,69508.1274450337,262.444215391686,418.89636820554966,86.43609187483317,7.358509158015178,1,1,-1
527.3878979829972,69534.49873473105,264.3928686765794,426.4961180399234,102.74563007181952,7.3495335445791,1,1,-1
527.4879146524421,69560.87502609551,263.3341560824275,426.2101225635312,67.10047963644021,7.261744030290335,1,1,-1
527.587931321887,69587.25631912705,264.5773243714676,426.6371696302672,35.3687640161955,8.026003347732178,1,1,-1
527.687947991332,69613.64261382566,262.3734844444347,432.2952070703845,-95.09397376092056,7.636644259472925,1,1,-1
527.7879646607768,69640.03391019134,262.6312125546898,422.9956460100701,7.660495423508252,8.016595864958601,1,1,-1
527.8879813302217,69666.43020822412,263.1681158419444,425.1595809312531,146.206420978217,8.728115137911114,1,1,-1
527.9879979996666,69692.83150792398,264.0729630455014,418.2168585425493,61.63596242995024,7.893330490540712,1,1,-1
528.0880146691115,69719.23780929095,263.4029260680174,433.885407086791,85.4247222658324,6.785367294301233,1,1,-1
528.1880313385565,69745.64911232497,264.75307001319163,421.61607852781015,101.01771633045884,7.887828699063063,1,1,-1
528.2880480080014,69772.0654170261,265.1709186222586,421.847725159996,102.56575270502243,8.636515782328393,1,1,-1
528.3880646774462,69798.48672339426,264.79360987996847,421.7450570127034,2.5237240173096183,7.9688519473182495,1,1,-1
528.4880813468911,69824.91303142956,265.86282831310643,420.3443288414675,114.11890331244784,8.855568912296855,1,1,-1
528.5880980163361,69851.34434113193,264.7098756376234,420.01162455739535,88.01394765527566,8.23206615587323,1,1,-1
528.688114685781,69877.78065250137,263.1271606325504,421.13029005413046,41.0349156033119,6.967904243697477,1,1,-1
528.7881313552259,69904.22196553792,265.7574421911513,417.0098334952679,35.25641248497392,8.13793552210875,1,1,-1
528.8881480246708,69930.66828024153,263.83891777672943,420.0022252011509,55.9789276994252,8.0890563507504,1,1,-1
528.9881646941157,69957.1195966122,265.4045008467434,433.7636320266497,7.686365773464928,8.597279630140807,1,1,-1
529.0881813635606,69983.57591464999,266.1178248983354,427.7870938545629,158.6787344495702,9.019463658263522,1,1,-1
529.1881980330055,70010.03723435487,265.0507870272331,428.8283406869391,146.81489241093604,8.484777928531338,1,1,-1
529.2882147024504,70036.50355572681,263.1479485380606,430.17486540732966,95.034343876279,8.108846583711022,1,1,-1
529.3882313718954,70062.97487876585,263.77590351943786,433.5494959590015,45.62432001080633,8.273924899523173,1,1,-1
529.4882480413403,70089.45120347197,266.06686848755527,415.6117120469148,62.47808889004848,8.021900477413855,1,1,-1
529.5882647107851,70115.93252984514,264.6250096697497,418.4094108946458,110.17892030717384,7.267841142186908,1,1,-1
529.68828138023,70142.41885788544,264.92371422505715,420.6302098335496,160.10917295696157,8.042234629103412,1,1,-1
529.788298049675,70168.9101875928,265.6529734410011,422.39018082251954,43.64023022023824,8.258090174326178,1,1,-1
529.8883147191199,70195.40651896725,265.64048022164025,423.3259845189858,16.223050484964,7.472694928408561,1,1,-1
529.9883313885648,70221.9078520088,265.27296550666784,422.6839453748263,149.4267228728424,8.710684656141757,1,1,-1
530.0883480580097,70248.41418671742,264.8355056577844,426.10537937146125,-17.36986748522139,8.517640705048066,1,1,-1
530.1883647274545,70274.92552309309,264.7815139179949,425.27531342647154,21.50294526937443,7.325041835122604,1,1,-1
530.2883813968995,70301.44186113589,266.00208952374106,421.5746641637986,59.52906089469168,8.784060925517332,1,1,-1
530.3883980663444,70327.96320084576,265.74776856424,414.4010959216966,-6.20720201839913,7.928274585560652,1,1,-1
530.4884147357893,70354.4895422227,264.98690736727684,420.4044979466854,127.3644863403888,7.6369310030369215,1,1,-1
530.5884314052342,70381.02088526674,266.3763280156103,422.7126498739606,114.54490449333603,8.668236127763151,1,1,-1
530.6884480746792,70407.55722997786,265.2151899222098,424.3134476234293,42.9026332784098,8.01756996568213,1,1,-1
530.788464744124,70434.09857635603,264.5425701977276,419.9905091778597,135.5657001355162,8.9427333600758,1,1,-1
530.8884814135689,70460.64492440132,264.6852700078811,423.2748158088748,143.99236096394725,7.57732080889379,1,1,-1
530.9884980830138,70487.1962741137,264.51550820519714,420.1639128658735,65.81199828939869,7.125295608645048,1,1,-1
531.0885147524588,70513.75262549316,265.27184735962567,425.27975471750426,48.879958742040365,7.907071950204816,1,1,-1
531.1885314219037,70540.31397853969,266.827989989288,420.6333965003773,184.33635164389992,8.556205092080093,1,1,-1
531.2885480913486,70566.88033325331,264.8391788646438,421.8443315272825,107.35726968054809,7.551636624756332,1,1,-1
531.3885647607934,70593.45168963399,265.8827581414148,419.6354358211337,84.05838519103843,7.427319868522706,1,1,-1
531.4885814302384,70620.02804768177,265.0876013694918,425.5013546651749,139.3624694510139,8.14810836879713,1,1,-1
531.5885980996833,70646.60940739665,265.5339900085702,422.0266209602064,86.22476901932447,7.334822939314661,1,1,-1
531.6886147691282,70673.1957687786,264.33426617257885,430.9827828102899,45.79031866060616,8.130954199683156,1,1,-1
531.7886314385731,70699.78713182764,265.67377749013,428.5681144773218,75.02249216916627,7.90666736410605,1,1,-1
531.8886481080181,70726.38349654377,265.7506186742041,426.2796054698836,122.89042016343696,8.329874980154116,1,1,-1
531.988664777463,70752.98486292697,266.5346203327672,422.73143899102735,-28.70832543927328,7.448264043839014,1,1,-1
532.0886814469078,70779.59123097722,266.2676216367093,428.7114696712723,56.44270837870518,8.76971502601082,1,1,-1
532.1886981163527,70806.20260069461,264.89595693322434,430.35237425837846,139.9404531076619,7.927908335825524,1,1,-1
532.2887147857977,70832.81897207905,267.2285556369424,427.7023135395879,45.13754627098198,8.572492817631172,1,1,-1
532.3887314552426,70859.4403451306,266.4046687678433,435.0973824228589,147.9798227772185,8.610609849457447,1,1,-1
532.4887481246875,70886.06671984922,266.4427675795212,429.4670614028429,141.35505940032476,7.554737952431612,1,1,-1
532.5887647941324,70912.69809623493,266.2852000436811,431.82691256725343,67.28493154507984,8.563050578601473,1,1,-1
532.6887814635772,70939.3344742877,265.8266332845664,428.0167052240376,42.07798613661786,7.375706178860445,1,1,-1
532.7887981330222,70965.97585400756,266.6122014062598,430.8172020795871,56.08061687334271,7.460778978908261,1,1,-1
532.8888148024671,70992.62223539452,266.9199958371621,423.5449753169008,203.62293948276667,9.150296639632597,1,1,-1
532.988831471912,71019.27361844855,264.74752004461044,425.3268913311272,164.0571365972683,8.564321798303878,1,1,-1
533.088848141357,71045.93000316968,266.0056632333324,429.4557025815476,76.5492072388505,9.13823949576744,1,1,-1
533.1888648108019,71072.59138955789,266.33948543499736,429.5093838888672,39.815770459381255,7.940792135957426,1,1,-1
533.2888814802467,71099.25777761315,266.9006113458176,430.42694726274095,76.01933416934698,8.218099598231756,1,1,-1
533.3888981496916,71125.92916733552,267.8877600807729,433.4808542763628,82.30250799303997,8.50209690950774,1,1,-1
533.4889148191365,71152.60555872499,265.9727165949715,420.9440356228366,7.88714893975861,8.092888077125213,1,1,-1
533.5889314885815,71179.28695178153,266.2965038974729,423.2866304108067,74.00111828922002,7.749682188473443,1,1,-1
533.6889481580264,71205.97334650514,266.33193996836667,429.3967580211739,136.06328489160856,7.677304096210703,1,1,-1
533.7889648274713,71232.66474289585,266.0929548236311,424.71707832372977,-20.08070680874532,8.214750627555265,1,1,-1
533.8889814969161,71259.36114095361,266.5973042533458,445.3177393561384,111.16042885267396,7.611329629317734,1,1,-1
533.9889981663611,71286.06254067848,267.7653013031685,431.0974979124868,138.51527714917464,7.6821539840441,1,1,-1
534.089014835806,71312.76894207044,265.99067192253864,428.2172472389298,41.69170411347523,8.297091662061572,1,1,-1
534.1890315052509,71339.48034512949,267.52233014777835,426.1215567851058,154.3725966349097,8.164444831340207,1,1,-1
534.2890481746958,71366.19674985562,265.4426218573296,426.3880934015044,-103.61659336819304,8.528521915936272,1,1,-1
534.3890648441408,71392.91815624882,266.6331944256282,429.02960979099,91.60655029614809,7.934925498356959,1,1,-1
534.4890815135856,71419.64456430908,266.9150514565748,429.5288178144648,54.15815401923979,7.877308978233382,1,1,-1
534.5890981830305,71446.37597403646,268.9694087644293,426.7754140948354,54.09138593636102,8.52771453617695,1,1,-1
534.6891148524754,71473.11238543091,267.069755121485,427.78315025264806,38.52071030584946,7.773182010184454,1,1,-1
534.7891315219204,71499.85379849246,265.19332228750926,435.960336028365,104.25894225774644,7.712414022501509,1,1,-1
534.8891481913653,71526.60021322109,265.4456851888214,436.2514396323917,111.71498990821576,7.750917914386179,1,1,-1
534.9891648608102,71553.3516296168,267.52861201675177,430.67908638575545,65.9982002003853,8.107628055463826,1,1,-1
535.089181530255,71580.10804767955,268.1583616209174,422.8026195168418,1.1655369683638668,9.144117089439474,1,1,-1
535.1891981997,71606.86946740943,267.9700549574772,432.2914356031652,89.26713773611732,7.555955132919157,1,1,-1
535.2892148691449,71633.63588880638,267.8121775403734,437.4603336949697,90.15407337162486,8.880722393977317,1,1,-1
535.3892315385898,71660.40731187043,268.8568753668006,436.6278286636709,58.16237503734603,8.676809494279825,1,1,-1
535.4892482080347,71687.18373660155,267.20503288328024,433.5410540848518,162.3045043448111,8.972513144990767,1,1,-1
535.5892648774796,71713.96516299977,268.68954299476667,437.0710412641771,-9.308664741963328,9.864312446516871,1,1,-1
535.6892815469245,71740.75159106503,266.2126258884358,430.3158495170876,-42.03148438941713,8.832327719792799,1,1,-1
535.7892982163694,71767.5430207974,266.9897012752466,433.2794446708055,32.235902826188614,8.63620477664216,1,1,-1
535.8893148858143,71794.33945219686,266.1376160479753,426.8250536569556,104.24386523582872,7.45484986668521,1,1,-1
535.9893315552592,71821.1408852634,267.71982047695985,431.7802604363045,15.87544137690378,7.633190816098799,1,1,-1
536.0893482247042,71847.94731999704,267.9984128950857,437.05660604232304,19.56420600159762,8.426486842493409,1,1,-1
536.1893648941491,71874.75875639774,268.20878393930104,427.5518194319805,116.10894134291932,7.412484109537477,1,1,-1
536.2893815635939,71901.5751944655,268.2065741346841,426.28172100903794,91.63043717168068,8.569083053373621,1,1,-1
536.3893982330388,71928.39663420038,267.26714578570767,431.1663845184224,87.301296867561,7.126071299842315,1,1,-1
536.4894149024838,71955.22307560233,268.05446660682867,429.6356304716284,107.4649515352544,8.826543333820986,1,1,-1
536.5894315719287,71982.05451867139,266.7972691173586,434.104681762545,47.079155860610925,7.998504092265471,1,1,-1
536.6894482413736,72008.89096340751,269.70795309581905,428.6826471944022,49.334941535041885,8.431627309364966,1,1,-1
536.7894649108185,72035.73240981072,268.09110638251127,439.63114456909545,108.71849429614524,7.87887660043667,1,1,-1
536.8894815802634,72062.57885788099,267.955854671088,424.680567668221,0.9306207405978172,7.294063468794706,1,1,-1
536.9894982497083,72089.43030761836,270.08368945329823,437.4876237560695,-39.015559782161546,9.012158308017888,1,1,-1
537.0895149191532,72116.28675902283,267.30251092602737,427.4847053503749,46.40174022609618,8.863948658660433,1,1,-1
537.1895315885981,72143.14821209437,267.4691786802671,422.41903948593966,114.5551733072306,8.032432999577445,1,1,-1
537.289548258043,72170.014666833,267.54855380415296,432.6783306075486,80.73509729162403,8.544886824288294,1,1,-1
537.389564927488,72196.8861232387,268.6269110820445,430.3059165626794,110.76733454382784,8.096046370129704,1,1,-1
537.4895815969328,72223.76258131147,269.176422428104,426.12091132017815,-32.96626571583006,8.474912696286385,1,1,-1
537.5895982663777,72250.64404105135,269.53447460130667,423.3520753680615,83.56902412664198,8.735632239031752,1,1,-1
537.6896149358226,72277.5305024583,271.4168027854063,431.80715755722497,100.43318625047176,8.765345665334193,1,1,-1
537.7896316052676,72304.42196553235,266.64538334843303,436.81814761864587,0.1459105637362796,8.818756154160114,1,1,-1
537.8896482747125,72331.31843027347,269.55355972648067,434.9537322929035,110.73452523086124,8.616853647854713,1,1,-1
537.9896649441574,72358.2198966817,268.43770189950646,432.4024997386121,62.00160818619508,8.29198958939554,1,1,-1
538.0896816136022,72385.12636475696,268.4584256579124,434.6032060274489,221.090338663792,7.898722714986761,1,1,-1
538.1896982830472,72412.03783449934,268.4750770132697,432.16289916641546,-41.39230605988455,8.041372381823944,1,1,-1
538.2897149524921,72438.9543059088,268.23608780543805,425.24035028009735,135.87125276502786,8.668509118901646,1,1,-1
538.389731621937,72465.87577898534,270.879390645572,425.3745032360765,47.65370971165454,7.69958592402109,1,1,-1
538.4897482913819,72492.80225372897,270.0871714727049,431.55313218421486,-13.549847901566338,8.947959181648034,1,1,-1
538.5897649608269,72519.73373013968,269.31807845897083,431.8557100642523,40.90614701598095,8.200155367952819,1,1,-1
538.6897816302717,72546.67020821745,270.69590656762284,437.003891555561,81.07407569175066,8.028402623107757,1,1,-1
538.7897982997166,72573.61168796233,267.8823701845594,436.6255009488455,119.01969955619091,7.688668879837865,1,1,-1
538.8898149691615,72600.55816937429,268.1142023532498,435.9546465757109,153.19087592561365,8.591907782052996,1,1,-1
538.9898316386065,72627.50965245333,267.3169480871085,431.61756959847474,138.13365434891043,8.189824419351273,1,1,-1
539.0898483080514,72654.46613719946,268.8455096139024,426.2057239802545,18.71628019242452,9.101487977935834,1,1,-1
539.1898649774963,72681.42762361268,269.7566310154529,435.25934218307975,123.44004003985106,7.740228434515825,1,1,-1
539.2898816469411,72708.39411169293,269.7477994014029,435.914834731005,86.44252033212507,8.082060943601036,1,1,-1
539.389898316386,72735.36560144032,269.8442910692529,421.4363325192502,34.09463129553569,8.331840903558733,1,1,-1
539.489914985831,72762.34209285479,268.3339006618494,429.2973005656698,56.17580531613723,7.89457615887631,1,1,-1
539.5899316552759,72789.32358593633,270.598120570252,430.10372127855817,31.22579741370607,8.433934898063129,1,1,-1
539.6899483247208,72816.31008068495,270.0846016805994,434.2407458380893,68.51918559241048,8.554625201984184,1,1,-1
539.7899649941658,72843.30157710068,270.6280367785489,429.7221943355881,30.12835517007855,8.675208095279853,1,1,-1
539.8899816636106,72870.29807518344,268.05222865421524,433.63832532223785,15.158269058525311,9.003349159592723,1,1,-1
539.9899983330555,72897.29957493332,270.3064900253256,432.86632513154063,90.46069515445592,7.75872164715831,1,1,-1
540.0900150025004,72924.30607635029,268.85724226133266,433.2132541425614,97.88807480144553,8.476822445956184,1,1,-1
540.1900316719453,72951.31757943433,269.6976925834213,430.5170316986908,57.01854855020188,8.044132624054093,1,1,-1
540.2900483413903,72978.33408418547,270.67938906933153,430.9940795638056,134.72785742704582,8.651559149731975,1,1,-1
540.3900650108352,73005.35559060368,270.2861261116735,428.87767120218007,53.27069905610272,8.62469554079371,1,1,-1
540.49008168028,73032.38209868893,269.3935008603607,436.2693453708972,51.10047971636701,7.852616866967636,1,1,-1
540.5900983497249,73059.41360844132,270.3013223310469,437.3145229779293,99.21067708894358,7.959519238706857,1,1,-1
540.6901150191699,73086.45011986079,268.8135221943413,430.6959217512903,59.5120120968181,8.560644594357894,1,1,-1
540.7901316886148,73113.49163294733,271.5453332402057,442.2422136489467,70.320283507039,8.5083899096322,1,1,-1
540.8901483580597,73140.53814770097,270.2397901595336,433.15600759859575,-59.99437845791748,8.29596701753147,1,1,-1
540.9901650275046,73167.58966412168,271.61363245800766,442.4699446217333,66.81010459895896,8.830396216986491,1,1,-1
541.0901816969495,73194.64618220944,270.0185591613787,431.6983823005369,-25.43782898456726,8.756087963262697,1,1,-1
541.1901983663944,73221.70770196432,270.0715231947906,424.8661309536423,4.821714070116236,8.129139980369656,1,1,-1
541.2902150358393,73248.7742233863,269.88092073128183,437.1000106281457,-0.9495674162783132,7.954507583994758,1,1,-1
541.3902317052842,73275.84574647534,271.5712897843352,436.4217486961234,13.634760882887534,7.867520603061335,1,1,-1
541.4902483747292,73302.92227123147,270.0356930300361,435.4409938140108,38.26862671899134,8.408161504180878,1,1,-1
541.5902650441741,73330.00379765469,271.43972795450225,432.1478641121975,41.33413213362367,7.77780879232491,1,1,-1
541.6902817136189,73357.09032574495,270.46268845914017,435.2761670439328,98.8200083696694,8.471116869579927,1,1,-1
541.7902983830638,73384.18185550233,268.91918589164027,432.9827325489588,76.67316611146369,8.920777450665673,1,1,-1
541.8903150525088,73411.2783869268,270.3748434584679,434.11728367359217,-29.55237681984792,8.2385200233895,1,1,-1
541.9903317219537,73438.37992001834,269.816057646614,439.9271944510208,69.61368764955415,8.107857910489708,1,1,-1
542.0903483913986,73465.48645477698,271.07907691938163,436.7301209867903,81.30937115384742,9.463311926413343,1,1,-1
542.1903650608435,73492.5979912027,269.90477479474725,438.94879344274426,48.915977932277066,9.137066355789107,1,1,-1
542.2903817302883,73519.71452929547,272.0711659658588,434.8296956398999,62.24774165413907,8.150583701514762,1,1,-1
542.3903983997333,73546.83606905534,271.1041233395136,434.3689531109494,74.7553253247168,8.535635944948217,1,1,-1
542.4904150691782,73573.96261048231,271.06761153983035,430.4016288524746,103.41761925944049,8.627932052485301,1,1,-1
542.5904317386231,73601.09415357636,271.95110800709915,434.4088601110213,-13.60849793867618,8.6264705160594,1,1,-1
542.690448408068,73628.23069833749,272.3091311381099,419.74347206286114,52.86755325989939,9.456518107603964,1,1,-1
542.790465077513,73655.3722447657,271.37513378698685,433.4879366762232,65.31333336755486,8.528534734917454,1,1,-1
542.8904817469579,73682.51879286101,270.6740405739297,436.1196772887416,135.81240309010462,8.554796459634465,1,1,-1
542.9904984164027,73709.67034262336,269.7212795920892,439.4374181129911,107.47421272327412,8.713601238259487,1,1,-1
543.0905150858476,73736.82689405282,270.85920778588866,435.36566212096,91.7166707589185,9.044053188144195,1,1,-1
543.1905317552926,73763.98844714937,270.9780536309983,438.5374208867543,147.55528574201384,8.925816174724202,1,1,-1
543.2905484247375,73791.15500191301,271.75233166536106,425.9901115355225,160.66410166392308,8.780007828967678,1,1,-1
543.3905650941824,73818.32655834373,271.3501356659532,436.6948722483835,58.26589691064011,7.703839333863081,1,1,-1
543.4905817636273,73845.50311644153,272.4332238538651,428.6715442117958,16.19651031250595,8.3135916143811,1,1,-1
543.5905984330722,73872.68467620638,271.1823159452654,431.11754226501057,51.101794161042775,8.881267992215973,1,1,-1
543.6906151025171,73899.87123763835,271.7882663844056,436.3132337709324,219.39950466450864,8.638639526267957,1,1,-1
543.790631771962,73927.06280073739,273.0793033291779,443.720383116564,-13.95472789150928,9.014643430947531,1,1,-1
543.8906484414069,73954.25936550353,272.28714943465843,439.285098661491,40.93453383926957,9.49126098046983,1,1,-1
543.9906651108519,73981.46093193674,271.93529501373735,437.6102214967708,-6.224623968789601,7.935072132708513,1,1,-1
544.0906817802968,74008.66750003705,271.4433964482132,437.5114162306941,70.59661087591675,9.058597724204075,1,1,-1
544.1906984497416,74035.8790698044,271.46211782815584,434.1309253789518,4.172391566632442,8.325755455717427,1,1,-1
544.2907151191865,74063.09564123886,271.2947443066413,435.0691544450552,58.81795831919119,8.947027603760286,1,1,-1
544.3907317886315,74090.31721434042,271.65435902853284,440.01595340621714,-33.30064095333009,8.483602094842079,1,1,-1
544.4907484580764,74117.54378910906,273.0010400677825,431.0422722535852,95.03379899291356,9.6597817059554,1,1,-1
544.5907651275213,74144.77536554477,272.0734942924684,441.02434676416726,125.21871832461456,8.59808582375288,1,1,-1
544.6907817969662,74172.01194364757,270.9956178291019,436.2065428441024,44.85300519918978,8.138331132168277,1,1,-1
544.790798466411,74199.25352341743,274.1635685262653,442.3668652209889,57.24245775551345,8.884348239336859,1,1,-1
544.890815135856,74226.50010485439,272.7653727590732,443.134548799746,55.77740935266062,8.742258229700903,1,1,-1
544.9908318053009,74253.75168795844,271.0884725021373,430.0536631180014,72.94215837062633,9.034090801581844,1,1,-1
545.0908484747458,74281.00827272958,272.1035753101321,435.6011810313385,61.9370398886791,8.75913181876876,1,1,-1
545.1908651441908,74308.26985916779,272.7063189549238,434.32144807471593,102.20030236091895,9.813803714260429,1,1,-1
545.2908818136357,74335.5364472731,274.3500330001152,429.6254483559978,125.39538775638135,8.63112144722275,1,1,-1
545.3908984830805,74362.80803704546,271.5873367832814,433.616423467261,22.98888711307488,8.449777949809988,1,1,-1
545.4909151525254,74390.08462848492,273.72149829561863,451.0753707415792,48.17508152957925,8.342907299322182,1,1,-1
545.5909318219703,74417.36622159147,274.1949523379575,442.0066426632593,108.67157728928775,8.71933659584527,1,1,-1
545.6909484914153,74444.65281636511,272.21681994063306,448.6355346921703,-7.543708173585998,8.658394407700204,1,1,-1
545.7909651608602,74471.94441280582,272.6179689615699,443.28458871617767,-35.047139797600764,8.710863218689246,1,1,-1
545.8909818303051,74499.24101091363,271.9091816677788,435.5198823779881,74.75394265137518,8.555352739279668,1,1,-1
545.9909984997499,74526.54261068848,272.79203810879466,437.4102438666048,88.20472688570126,8.277188329824575,1,1,-1
546.0910151691949,74553.84921213046,273.0089176102545,442.35128241812106,27.221698841690618,8.155980564927715,1,1,-1
546.1910318386398,74581.1608152395,273.7551659174023,441.6866342012292,34.35349798955171,8.459521300806497,1,1,-1
546.2910485080847,74608.47742001564,274.2357077250628,436.7023947722668,25.225817581312768,9.249985891055369,1,1,-1
546.3910651775296,74635.79902645886,272.4474365241432,432.12914066485695,19.838595158092534,9.23703056116758,1,1,-1
546.4910818469746,74663.12563456917,271.2782158592613,456.2079141216412,97.80911206429434,8.439725105118477,1,1,-1
546.5910985164194,74690.45724434651,273.27430447893346,439.1533614899279,4.058901012372161,8.143967610855542,1,1,-1
546.6911151858643,74717.793855791,273.6390951229008,438.3204170526733,49.75722700588801,8.598732826528437,1,1,-1
546.7911318553092,74745.13546890255,273.64498361533964,440.60578550505744,17.716146771923654,9.685547782735846,1,1,-1
546.8911485247542,74772.48208368119,273.118901014868,438.9154719059203,-9.83186825475049,9.103742267999662,1,1,-1
546.9911651941991,74799.8337001269,273.62033469676345,440.8327610579473,106.3911549605755,8.913430929405656,1,1,-1
547.091181863644,74827.1903182397,275.06103574017425,446.7438546169466,36.840691055544646,9.215186901052284,1,1,-1
547.1911985330888,74854.55193801956,273.9773334355069,439.7763774548768,72.20370235210315,9.432263649595786,1,1,-1
547.2912152025337,74881.91855946653,273.2722391762638,434.6755693236146,-12.672309298455673,8.038186586484336,1,1,-1
547.3912318719787,74909.29018258057,273.1954181188933,439.7709042148049,25.584338525838973,8.413411549127604,1,1,-1
547.4912485414236,74936.66680736172,273.5757719130341,438.3471159470928,100.43557189989764,8.370704368570431,1,1,-1
547.5912652108685,74964.04843380993,275.4323725672649,447.8786212073211,191.9446574062181,9.051762155431495,1,1,-1
547.6912818803135,74991.43506192524,273.66234023063055,446.7047235117192,-36.279771791507486,8.720935879132382,1,1,-1
547.7912985497583,75018.8266917076,273.8758549303584,441.4767548571299,52.425628510797885,9.0333487043745,1,1,-1
547.8913152192032,75046.22332315707,273.4633440386653,434.6354522478241,83.04507503089168,8.374058611022617,1,1,-1
547.9913318886481,75073.62495627362,275.094649301766,434.98967187166505,31.576104279392943,9.42203120224604,1,1,-1
548.091348558093,75101.03159105727,276.0055115337912,441.284751163732,104.80731804592884,8.760867378101107,1,1,-1
548.191365227538,75128.44322750799,274.5462956632004,442.9807513693602,18.94473182335527,9.047124916435353,1,1,-1
548.2913818969829,75155.85986562578,274.2284638522769,439.516024093068,69.92393490071723,9.276437927164087,1,1,-1
548.3913985664277,75183.28150541065,274.2324821163881,439.07829193560656,36.07818303995617,9.236564425507597,1,1,-1
548.4914152358726,75210.70814686261,271.86140082915057,438.605145357694,123.10359859721072,8.69888743787994,1,1,-1
548.5914319053176,75238.13978998167,275.0408668169436,441.542173389312,28.26412526005847,9.14219086929917,1,1,-1
548.6914485747625,75265.5764347678,274.47989070337707,429.83533309711095,44.43900630583354,9.566278440925316,1,1,-1
548.7914652442074,75293.01808122103,274.8240746727644,436.3325133805722,368.8540812073927,8.975028837647168,1,1,-1
548.8914819136523,75320.46472934133,273.73427876274246,438.7938939641285,10.531573692887164,8.28088434118932,1,1,-1
548.9914985830972,75347.91637912868,274.11129241257146,448.05666583306936,65.32147424125701,8.962450381785224,1,1,-1
549.0915152525421,75375.37303058316,274.1347326897679,438.0400833156096,-29.292241406754684,8.653847791608507,1,1,-1
549.191531921987,75402.83468370471,275.6173889450665,443.10149390135473,7.388346807879955,7.596290739314559,1,1,-1
549.2915485914319,75430.30133849336,274.2670144591129,443.42186861379815,80.84216705123099,8.91230026777278,1,1,-1
549.3915652608769,75457.77299494907,276.77844295254823,448.8687390543915,12.151350821198063,8.903674278886934,1,1,-1
549.4915819303218,75485.24965307188,275.17665338417595,448.7820452278529,34.40824224048894,9.31965272473504,1,1,-1
549.5915985997666,75512.73131286174,273.5201166398876,442.2716450160021,86.24191092850774,8.256275972098852,1,1,-1
549.6916152692115,75540.21797431872,274.71726134135383,440.271737820974,32.57902519239883,7.958316197072221,1,1,-1
549.7916319386565,75567.70963744276,274.2441408471718,439.4199976797372,102.63121673186392,8.76411900474438,1,1,-1
549.8916486081014,75595.20630223391,272.75144183423066,441.6238487484813,72.22307263280535,8.769428568910888,1,1,-1
549.9916652775463,75622.70796869214,276.59530357888696,440.7489997561367,83.17494837685324,8.880517601242158,1,1,-1
550.0916819469912,75650.21463681744,275.7489835157156,445.77730524149024,123.38997154289012,8.789221339699278,1,1,-1
550.191698616436,75677.7263066098,275.62905662611735,445.2007189490696,70.46692372597239,8.236688884225055,1,1,-1
550.291715285881,75705.24297806928,275.3112613032402,446.1481774843133,138.18597156401415,8.680816232064664,1,1,-1
550.3917319553259,75732.76465119583,273.8138484089705,449.5755917527135,337.1684536130011,8.476838084282406,1,1,-1
550.4917486247708,75760.29132598947,274.76225717282995,452.683520469478,-160.90342290955684,9.250499645760913,1,1,-1
550.5917652942157,75787.8230024502,276.1376634218919,444.0824934964594,125.75417793249244,8.99375718310402,1,1,-1
550.6917819636607,75815.359680578,274.29467095204785,449.0464970533444,74.24120921190772,8.54414309716351,1,1,-1
550.7917986331055,75842.90136037285,272.86413000030194,441.8808789441395,41.26509580275702,9.448937258842877,1,1,-1
550.8918153025504,75870.44804183482,275.21880164349426,449.6542164481701,74.86957812327847,8.609757068542526,1,1,-1
550.9918319719953,75897.99972496388,275.3541584319701,449.1267289830787,116.51788571939544,9.031978658844968,1,1,-1
551.0918486414403,75925.55640976003,275.68148773713483,448.951264713859,83.60508934462749,8.69100996735849,1,1,-1
551.1918653108852,75953.11809622325,276.3244512989571,444.46953573704616,151.9238053515218,9.631739863463912,1,1,-1
551.2918819803301,75980.68478435355,276.28354680239624,440.7473973780786,115.0820596379702,8.856953531575499,1,1,-1
551.3918986497749,76008.25647415091,275.95471913013137,437.2065476756501,86.86494032872126,8.850446513915879,1,1,-1
551.4919153192199,76035.83316561539,276.9414890476966,444.0690054943165,9.354980302536127,8.78584350957867,1,1,-1
551.5919319886648,76063.41485874695,274.27699621351906,452.0242559101124,51.62324335438064,8.780221539909334,1,1,-1
551.6919486581097,76091.00155354559,276.35055614353223,442.8999703589907,64.14459946097351,9.417616430329971,1,1,-1
551.7919653275546,76118.59325001131,276.52252102711424,448.4648294600557,95.34452972507876,9.25184468618993,1,1,-1
551.8919819969996,76146.18994814412,274.70642871241955,448.8489552022946,92.33120765976729,8.724492781776915,1,1,-1
551.9919986664444,76173.79164794399,274.4931287245398,443.3007687620085,68.89321574925819,9.546988959448983,1,1,-1
552.0920153358893,76201.39834941096,275.30006554146905,451.3909257211866,66.38536932864768,9.186033806735947,1,1,-1
552.1920320053342,76229.01005254501,275.43447456015184,430.3558994781309,96.34243528336069,8.539251903421738,1,1,-1
552.2920486747792,76256.62675734615,276.899443800892,438.8754534737871,17.34203483523737,8.162917597474866,1,1,-1
552.3920653442241,76284.24846381438,275.58149388842094,440.50104505263016,144.99893125293363,8.560442203335477,1,1,-1
552.492082013669,76311.8751719497,275.3896924885533,441.07063308703,-42.18337123836595,8.96208639155541,1,1,-1
552.5920986831138,76339.50688175205,275.68441560486235,446.9405246242408,132.89731838260127,9.073261622086012,1,1,-1
552.6921153525587,76367.14359322152,277.4646900104336,446.7994005505254,57.81947760094648,9.568628643711602,1,1,-1
552.7921320220037,76394.78530635808,276.4091093853788,447.4091660630754,110.1596929472137,8.274348994633606,1,1,-1
552.8921486914486,76422.43202116173,276.2668233203674,448.5096223398073,78.17471059215528,8.592866157405183,1,1,-1
552.9921653608935,76450.08373763245,276.3860771817457,440.8686936903611,77.23643446867783,8.231316358832968,1,1,-1
553.0921820303384,76477.74045577025,277.8381513494958,439.6183378689973,87.5995011410851,8.243240198032655,1,1,-1
553.1921986997833,76505.40217557512,275.8469276232884,447.7808182800177,100.29159355108791,8.471329112534118,1,1,-1
553.2922153692282,76533.0688970471,277.9616159755542,442.73806116869065,43.34947783393038,9.103708812908076,1,1,-1
553.3922320386731,76560.74062018616,276.90661231825806,438.12684797702747,111.48315403521048,9.239247227836549,1,1,-1
553.492248708118,76588.4173449923,276.58570497208365,450.92594629351913,5.471882923962646,8.358807401334644,1,1,-1
553.592265377563,76616.09907146552,279.29703318671574,453.13473607026776,59.381140248404,8.598679276182532,1,1,-1
553.6922820470079,76643.78579960583,275.79050153370537,454.0350326531941,101.39845812737066,7.89165743002635,1,1,-1
553.7922987164528,76671.47752941323,276.5424635986594,447.2742684790189,109.30317205029336,8.937381290994626,1,1,-1
553.8923153858976,76699.17426088767,275.71372645378483,449.5588920184544,82.54410476448834,8.41050163472602,1,1,-1
553.9923320553426,76726.87599402924,277.9486279982074,453.3685743223438,39.78744783123429,9.751102520285093,1,1,-1
554.0923487247875,76754.58272883788,278.7353632960454,443.4021559223616,104.24490409027302,9.173584290825016,1,1,-1
554.1923653942324,76782.29446531361,278.76610547852084,452.25262495969366,25.893686693485904,8.88486177172384,1,1,-1
554.2923820636773,76810.01120345641,278.3701397849847,448.1662193770838,146.88497381880308,8.625416336642141,1,1,-1
554.3923987331223,76837.73294326631,276.9985788987652,451.4477981350252,55.033534712260085,8.11208898492317,1,1,-1
554.4924154025671,76865.45968474325,276.8809667237937,447.8997066446364,-17.76160772358913,8.167974522454392,1,1,-1
554.592432072012,76893.19142788732,275.62504626351193,453.5405267559413,-0.5618611014211652,8.459720313087914,1,1,-1
554.6924487414569,76920.92817269846,279.38209790591026,448.2668636868534,61.30716733899182,8.659081361524814,1,1,-1
554.7924654109019,76948.66991917668,277.8652107835994,439.8193512437532,66.06896010953034,8.414756644042747,1,1,-1
554.8924820803468,76976.41666732199,276.9542841353039,454.5888813696083,157.51327966133186,9.045143362556209,1,1,-1
554.9924987497917,77004.16841713438,278.8243062638828,442.6815961701186,7.058265195698596,9.231320677253542,1,1,-1
555.0925154192365,77031.92516861383,276.5734931928583,453.7745425931432,60.90916646609611,8.602883558790843,1,1,-1
555.1925320886814,77059.6869217604,278.0028880785634,447.1480388016665,5.917848302940676,9.89057019986436,1,1,-1
555.2925487581264,77087.45367657403,277.47364524477234,453.5693098018012,34.209075853993355,8.016262268588413,1,1,-1
555.3925654275713,77115.22543305477,278.334959853666,453.45309961709097,364.1544843664185,8.972859612428293,1,1,-1
555.4925820970162,77143.00219120258,277.682717509322,450.01997308127847,1.9309200559397224,8.793553691447638,1,1,-1
555.5925987664612,77170.78395101747,276.34537149211934,450.5019364647818,88.05286519835073,8.542162687073922,1,1,-1
555.692615435906,77198.57071249942,277.921884090623,450.1624046295534,78.29916230790258,8.56907488223949,1,1,-1
555.7926321053509,77226.36247564848,278.9451801945508,438.0701394291297,57.398310952442806,8.978179486970694,1,1,-1
555.8926487747958,77254.15924046462,277.91710798154395,448.8209159719706,84.53183886402294,8.804842191575656,1,1,-1
555.9926654442407,77281.96100694785,278.77144784370944,442.7389456640647,0.5121515322572989,8.774977282097286,1,1,-1
556.0926821136857,77309.76777509817,277.00081157116875,449.2652039300969,141.2824964055024,8.210206773390171,1,1,-1
556.1926987831306,77337.57954491556,278.07008859829546,442.784557146397,154.66188358835876,8.118153619970359,1,1,-1
556.2927154525754,77365.3963164,277.52184727119914,442.6645118391272,60.72811893802427,8.748419976678457,1,1,-1
556.3927321220203,77393.21808955156,278.94334690111486,456.7039457209716,179.4815031697159,8.780498174597648,1,1,-1
556.4927487914653,77421.04486437021,278.2778659579946,454.11651181976754,38.32814999173563,8.841694288350757,1,1,-1
556.5927654609102,77448.87664085595,278.9864564067917,448.8385636213702,78.25453350358701,8.929896265089795,1,1,-1
556.6927821303551,77476.71341900875,279.4341014913354,449.87312146428064,129.78081152254578,8.75046618155013,1,1,-1
556.7927987998,77504.55519882865,279.0880179750214,447.799699751265,35.18959709740924,8.884264295127295,1,1,-1
556.8928154692449,77532.4019803156,278.71952616891605,451.9786634268221,-204.78641900452223,8.540934084097254,1,1,-1
556.9928321386898,77560.25376346966,277.4982038108335,445.8390113811249,-22.538997987009907,9.653154757452194,1,1,-1
557.0928488081347,77588.1105482908,278.5436382934005,454.2779861951533,161.04175684019182,8.556907560115437,1,1,-1
557.1928654775796,77615.97233477904,278.063342336774,448.1338523426874,31.502806596898907,8.741296201777372,1,1,-1
557.2928821470246,77643.83912293435,278.30237711680803,447.3900532355463,48.62084854464542,8.579849231283822,1,1,-1
557.3928988164695,77671.71091275675,278.3219152574845,449.6878549740712,2.2231674595283977,8.572672697246842,1,1,-1
557.4929154859143,77699.5877042462,277.7665321681749,446.7135573989634,105.23205704567783,8.920450069620742,1,1,-1
557.5929321553592,77727.46949740275,276.8391274885456,451.4027049630183,18.690858835624965,8.798116935441017,1,1,-1
557.6929488248041,77755.35629222641,278.1783313640743,447.16248193591343,33.15949611581813,8.704259197410192,1,1,-1
557.7929654942491,77783.24808871714,279.0898621990487,452.2819145635191,72.65250112653587,8.848843595271003,1,1,-1
557.892982163694,77811.14488687494,277.59831403641954,456.1093309109268,4.42805337554951,8.537606874163275,1,1,-1
557.9929988331389,77839.04668669985,279.01218165304107,446.522691449273,48.655142739940494,9.186656905709723,1,1,-1
558.0930155025837,77866.9534881918,280.94677617560285,449.55642426378256,127.6486790348526,10.130618919830672,1,1,-1
558.1930321720287,77894.86529135086,280.1195726412666,452.60595678238,78.90489961629713,8.615991540331175,1,1,-1
558.2930488414736,77922.782096177,280.7900659298573,448.2100181092403,63.97331134990183,9.29066557173959,1,1,-1
558.3930655109185,77950.70390267024,279.587660632392,452.80090935522514,68.1434859675332,9.043577852577684,1,1,-1
558.4930821803634,77978.63071083055,280.4140509131682,453.346302521295,37.89758620977853,9.405477127636033,1,1,-1
558.5930988498084,78006.56252065794,278.5725846944364,456.0756187664524,157.11608422963863,9.306973659064957,1,1,-1
558.6931155192532,78034.4993321524,278.70221749260463,447.7193613215008,16.65477563812516,9.069331408877368,1,1,-1
558.7931321886981,78062.44114531396,276.6574258882116,446.1254370177175,67.76314084626677,8.817679669703749,1,1,-1
558.893148858143,78090.3879601426,280.6327199031138,449.3914279379956,62.9223482794366,8.867054105348776,1,1,-1
558.993165527588,78118.33977663834,281.0369067436139,446.1805548550233,107.56346913486524,8.7259006100232,1,1,-1
559.0931821970329,78146.29659480116,278.9934138531692,453.9318092399408,112.23835110621448,8.936213591675214,1,1,-1
559.1931988664778,78174.25841463105,279.3426477268417,445.39056338576574,55.4330608736636,8.363820575400077,1,1,-1
559.2932155359226,78202.225236128,278.8927456542704,462.9544036448557,71.52170919908728,8.68149227207431,1,1,-1
559.3932322053676,78230.19705929207,280.0792696541613,457.8589625284055,73.36954216927842,9.604402060136294,1,1,-1
559.4932488748125,78258.17388412321,280.8715569827095,451.5322037354828,-56.70982191925548,9.147799753695018,1,1,-1
559.5932655442574,78286.15571062145,278.0538607982477,455.8962990194156,-22.597726452530026,9.372524216831463,1,1,-1
559.6932822137023,78314.14253878676,280.25607963749343,443.4653188998163,26.5530983445998,9.796474450499892,1,1,-1
559.7932988831473,78342.13436861915,279.6199776698545,464.3561965453125,28.680914639339143,8.934560629463597,1,1,-1
559.8933155525921,78370.13120011862,280.0600521682627,448.8782584942568,-3.248670723482753,9.15347553078176,1,1,-1
559.993332222037,78398.13303328518,280.4556601126928,451.3168461527069,94.14921716993908,8.922739435258121,1,1,-1
560.0933488914819,78426.13986811883,279.85847200696816,442.729668453206,-101.97094474674182,8.631289386621553,1,1,-1
560.1933655609268,78454.15170461955,279.99309592705765,454.53077307979714,45.84474649881896,8.569274470119172,1,1,-1
560.2933822303718,78482.16854278737,279.93281594763124,446.65761743765165,-6.2735428748517,9.46367969436846,1,1,-1
560.3933988998167,78510.19038262227,281.16701565169666,452.7876186978118,54.26176081460194,9.22041286802713,1,1,-1
560.4934155692615,78538.21722412422,280.66546774475825,449.6479693923035,-74.8904144317469,10.009540447628636,1,1,-1
560.5934322387064,78566.24906729329,280.5172996570906,447.0706235492189,48.25086330532709,9.563388453522148,1,1,-1
560.6934489081514,78594.28591212943,279.0757727329834,448.5275373820021,59.512753870633546,8.62410724467237,1,1,-1
560.7934655775963,78622.32775863267,280.018153045585,453.76828672818726,68.40424730925938,9.467447418576072,1,1,-1
560.8934822470412,78650.37460680299,281.3454102838598,446.32189336036,-21.94162636838466,8.974112565174364,1,1,-1
560.9934989164861,78678.42645664039,280.534446031367,449.0752915365307,67.45929837317132,9.686820786915325,1,1,-1
561.093515585931,78706.48330814483,281.2062892625546,456.22571846491553,4.101933770202322,8.875258276914574,1,1,-1
561.1935322553759,78734.5451613164,282.3632779280156,466.01175259990913,15.505077336671413,8.659928511841917,1,1,-1
561.2935489248208,78762.61201615505,281.6853805316192,455.4772989902471,91.98024586454314,8.748777968272552,1,1,-1
561.3935655942657,78790.68387266078,280.7899411348326,448.59304834854015,156.74450626904132,8.721344060735689,1,1,-1
561.4935822637107,78818.7607308336,280.2358019616596,451.4337873760096,58.56193744563706,8.64030388070091,1,1,-1
561.5935989331556,78846.8425906735,278.2432498705219,453.5173049240785,15.094441826050364,8.651745443183414,1,1,-1
561.6936156026004,78874.92945218045,280.67842287882735,451.7022368070815,65.33798820555904,9.515359774078329,1,1,-1
561.7936322720453,78903.02131535452,280.57080364020584,458.0546540608892,102.8112105678028,9.978592756190912,1,1,-1
561.8936489414903,78931.11818019567,281.3371906651405,454.71673230922016,86.86495361143201,8.46107023931249,1,1,-1
561.9936656109352,78959.22004670391,280.8429275784929,458.2586284856429,192.9260772994926,9.728593729561435,1,1,-1
562.0936822803801,78987.32691487923,280.7264560807533,452.2371492765498,19.958949285062147,8.851033473646812,1,1,-1
562.193698949825,79015.43878472163,279.3174505444053,460.5268709935888,68.29283147567338,9.17851107861534,1,1,-1
562.2937156192698,79043.55565623108,280.20688998048485,453.1569436405193,133.08262053842,8.231612551636255,1,1,-1
562.3937322887148,79071.67752940765,281.67351718515795,449.2234238831816,129.90018572561442,9.407977197966328,1,1,-1
562.4937489581597,79099.80440425129,282.9627821102126,465.0559768010271,-41.95613585346541,8.21795109274054,1,1,-1
562.5937656276046,79127.93628076203,281.1993574300567,445.1344878279549,55.33545163124212,9.27498234197237,1,1,-1
562.6937822970496,79156.07315893985,281.6747022220989,450.6556846031803,129.68497862014218,9.274657225837007,1,1,-1
562.7937989664945,79184.21503878475,282.34937764020003,451.3042406374975,199.946733047688,9.280841095427409,1,1,-1
562.8938156359393,79212.36192029671,280.6360138817694,467.0709129288768,90.56005639245606,8.717021304473178,1,1,-1
562.9938323053842,79240.51380347577,281.86373019597755,463.653677651271,36.93281164605993,9.431859692626926,1,1,-1
563.0938489748291,79268.67068832192,280.8064343810824,462.17902561569394,-47.17189318499061,9.290201450491155,1,1,-1
563.1938656442741,79296.83257483516,282.461757260628,453.14609325254577,166.1746786923325,9.086856142372268,1,1,-1
563.293882313719,79324.99946301548,281.79834420481126,467.0202782505808,91.63041044137812,9.489198042629113,1,1,-1
563.3938989831639,79353.17135286288,281.9954013055634,456.82114991752127,12.745840411630752,9.116978564553806,1,1,-1
563.4939156526087,79381.34824437732,280.96435922888577,459.9557084167765,44.94725938427358,9.368457169069028,1,1,-1
563.5939323220537,79409.5301375589,282.5039985206376,456.0578701377364,70.57032976646911,9.131330427363194,1,1,-1
563.6939489914986,79437.71703240756,283.9316874169803,455.0020620425336,82.20729809430475,9.383745523224224,1,1,-1
563.7939656609435,79465.9089289233,280.88907113504354,454.0805031964625,9.992029220073915,9.38694856878973,1,1,-1
563.8939823303884,79494.1058271061,281.6072321575467,454.3811982659431,24.219473082981462,8.943112581294974,1,1,-1
563.9939989998334,79522.30772695602,282.2286069740848,458.56185814337374,-27.761667071220067,8.561422053014294,1,1,-1
564.0940156692782,79550.51462847297,282.8334140466349,457.4454005608048,106.8292777239916,9.351245716115177,1,1,-1
564.1940323387231,79578.72653165703,281.5374698840721,455.542046382854,37.71637721160992,9.732664092912213,1,1,-1
564.294049008168,79606.94343650818,279.31399421394127,463.3370248643111,78.06955539763081,9.153933290687576,1,1,-1
564.394065677613,79635.16534302643,283.5562223329705,441.0456412240577,125.82260580953124,9.413370218788256,1,1,-1
564.4940823470579,79663.39225121174,283.0075472931131,458.5188444743118,65.65942996753249,9.20207554853763,1,1,-1
564.5940990165028,79691.62416106414,280.5541019777648,459.6481034349452,48.97367651735959,9.449128863368712,1,1,-1
564.6941156859477,79719.86107258363,281.7394890511943,461.8842259098706,64.2745865948532,9.056859324367426,1,1,-1
564.7941323553925,79748.10298577017,283.9652486072236,455.91505603027247,57.69454032090775,9.050322368765832,1,1,-1
564.8941490248375,79776.34990062383,283.8948709308766,457.3690152394036,116.79949231398284,9.825982749494086,1,1,-1
564.9941656942824,79804.60181714456,283.4357228698201,461.3491584860019,69.98957947473903,8.982223216113454,1,1,-1
565.0941823637273,79832.85873533238,282.3709787479038,463.9652502577737,27.184060654690253,9.631322404405353,1,1,-1
565.1941990331723,79861.12065518729,282.68008693539866,455.09673997742334,106.75305134420216,9.757376211681944,1,1,-1
565.2942157026172,79889.38757670927,282.51618204618245,458.0243004858995,115.84133798609572,9.478381220199193,1,1,-1
565.394232372062,79917.6594998983,283.82535596929984,465.17229305895,-12.642854729832225,8.644820041630197,1,1,-1
565.4942490415069,79945.93642475446,281.87128211425835,446.2492895247564,130.86946203934517,9.17111508786332,1,1,-1
565.5942657109518,79974.2183512777,281.9913332005917,453.5093635720223,72.42248237005839,9.063543531126324,1,1,-1
565.6942823803968,80002.50527946802,283.8574157770344,464.3786081310545,68.30705181683484,9.023235634536974,1,1,-1
565.7942990498417,80030.79720932542,282.8527880694093,462.6021190730257,104.4314811526316,9.28569166292782,1,1,-1
565.8943157192866,80059.0941408499,284.32562521509715,459.84165762656215,25.70815992159868,9.681945116094765,1,1,-1
565.9943323887314,80087.39607404145,282.3256539873852,455.07644887332754,101.72196968836936,8.954687865674368,1,1,-1
566.0943490581764,80115.7030089001,282.99239616874934,453.00034241089054,35.13176957926474,9.136607331208191,1,1,-1
566.1943657276213,80144.01494542585,282.1747698789667,454.5433584765503,-19.820157279359087,9.05468622800908,1,1,-1
566.2943823970662,80172.33188361867,283.15455387995667,465.3294793438001,3.996430915841757,9.813476948466144,1,1,-1
566.3943990665111,80200.65382347857,281.7186525962568,454.5372264608744,82.19223917879717,9.020055817430276,1,1,-1
566.4944157359561,80228.98076500556,282.75957444702306,458.2765563947939,6.524667666175553,8.591770064980151,1,1,-1
566.5944324054009,80257.31270819959,281.8609623377723,454.0909050162314,134.25886239991942,8.370217186149695,1,1,-1
566.6944490748458,80285.64965306075,284.04114777061415,462.1633150579797,113.176234901656,9.46287683070721,1,1,-1
566.7944657442907,80313.99159958899,284.113822211905,455.3458151726969,120.34106090774208,8.90522467082181,1,1,-1
566.8944824137357,80342.33854778431,281.7169784763835,457.6414787906015,59.86510632606417,9.482870262362043,1,1,-1
566.9944990831806,80370.69049764672,284.8311352870909,449.8025392431039,66.47636727523975,8.65961399756549,1,1,-1
567.0945157526255,80399.0474491762,286.0446730027326,450.2426103942379,-6.145162928684805,9.121392710874453,1,1,-1
567.1945324220703,80427.40940237275,283.6432725977715,458.4378192088146,103.28678294174264,8.593920875837407,1,1,-1
567.2945490915153,80455.7763572364,283.006160285533,451.8636691331627,72.44649208594763,9.440389790830698,1,1,-1
567.3945657609602,80484.14831376715,286.52161347148314,469.1048897727685,81.7773467214244,9.740550835863797,1,1,-1
567.4945824304051,80512.52527196496,282.4283227169,448.3618426824793,137.7849363472946,9.359214248813345,1,1,-1
567.59459909985,80540.90723182987,283.8174060167941,454.7585834166645,23.028511062885592,8.726023725561014,1,1,-1
567.694615769295,80569.29419336186,284.0269301572794,458.93296591326725,46.97693139244934,8.907836413238487,1,1,-1
567.7946324387398,80597.6861565609,285.2424638398223,457.1137985548951,69.57493770261544,9.46483287969766,1,1,-1
567.8946491081847,80626.08312142706,284.30706352921914,453.5087376274989,6.427038177616943,8.452441409594309,1,1,-1
567.9946657776296,80654.48508796029,283.4986989930264,454.3298273802866,43.77631827034666,9.130484454510883,1,1,-1
568.0946824470745,80682.89205616062,283.0961568531493,454.2561978572112,77.76123477252412,9.986669206026402,1,1,-1
568.1946991165195,80711.30402602802,283.7555277380136,457.8658614375517,36.80019959965298,9.17554069351015,1,1,-1
568.2947157859644,80739.72099756252,283.14043053203704,469.1491170261836,348.9653384683946,8.486465355583634,1,1,-1
568.3947324554092,80768.14297076405,284.2451915474893,459.869159728332,-22.55982518068771,8.989171669038988,1,1,-1
568.4947491248541,80796.56994563271,283.6831783825666,465.4839773594231,109.08258569024886,8.946105179395518,1,1,-1
568.5947657942991,80825.00192216845,282.8033451038598,462.1943583085706,298.05709519132546,10.28163750011113,1,1,-1
568.694782463744,80853.43890037127,285.6025370202469,465.3187902362855,24.417937496905388,10.199994710146475,1,1,-1
568.7947991331889,80881.88088024118,283.8997270431654,445.839658400351,6.596660836769914,9.639073269575231,1,1,-1
568.8948158026338,80910.32786177818,283.1792710963416,458.4071914745223,-51.23928542610848,9.061409521770734,1,1,-1
568.9948324720787,80938.77984498221,284.3291571015518,466.55516036296143,12.97388479023106,9.89785267866258,1,1,-1
569.0948491415236,80967.23682985337,284.61579613672944,457.25080580040566,105.04929189612211,8.7466557169861,1,1,-1
569.1948658109685,80995.69881639161,282.85096617990524,469.01185240544487,49.84403030022718,9.752499196500128,1,1,-1
569.2948824804134,81024.16580459694,284.9790889073325,467.7089390168802,377.061575886828,9.797311073140628,1,1,-1
569.3948991498584,81052.63779446934,283.65029200623894,458.03383633434856,21.57057911082853,9.183927651715646,1,1,-1
569.4949158193033,81081.11478600884,286.45848671884244,457.9536739866985,87.87739915319519,9.982391254226188,1,1,-1
569.5949324887481,81109.59677921538,285.3214267564508,455.4914640371025,16.60515317480457,9.128351088193806,1,1,-1
569.694949158193,81138.08377408903,284.4475745889872,457.5015237565003,4.159358698145901,8.671554464078092,1,1,-1
569.794965827638,81166.57577062977,284.15231514350165,454.5765512619192,47.03980745129738,9.77669239690454,1,1,-1
569.8949824970829,81195.0727688376,284.8425235409778,462.97355415187326,19.105935589754864,9.283226995410544,1,1,-1
569.9949991665278,81223.57476871251,285.6102903248472,453.6392674499206,-24.8287199322818,9.668463105916096,1,1,-1
570.0950158359727,81252.0817702545,285.0220137894012,464.0281666645484,43.15481233864585,10.246112564171428,1,1,-1
570.1950325054175,81280.59377346354,284.8803574455719,464.23989673504303,57.55051151528264,8.966794859636739,1,1,-1
570.2950491748625,81309.1107783397,285.2058948782491,452.8834828915666,115.60489802528495,9.27399866513283,1,1,-1
570.3950658443074,81337.63278488294,284.5936739909167,469.0285996160724,98.98551147469492,10.096983332840871,1,1,-1
570.4950825137523,81366.15979309326,284.9043353300331,463.93755472345134,113.10068113131838,9.663600909947029,1,1,-1
570.5950991831972,81394.69180297067,283.2117571526936,465.20800002554415,88.07972299836067,8.884902992047547,1,1,-1
570.6951158526422,81423.22881451517,286.32128415717347,457.7561855775504,68.65084626588624,8.92803620099884,1,1,-1
570.795132522087,81451.77082772671,285.69636404136526,464.7514088445743,-9.468643461469275,9.108163747897366,1,1,-1
570.8951491915319,81480.31784260536,284.6741187517325,467.36148216776354,59.430638580025374,8.94739022703242,1,1,-1
570.9951658609768,81508.8698591511,287.39631791184365,461.3264745910743,81.73517762172145,9.580396144089567,1,1,-1
571.0951825304218,81537.42687736393,285.63460774560326,471.919130549284,124.72587951981004,9.408099429144556,1,1,-1
571.1951991998667,81565.98889724385,284.5614560279582,462.2198430945513,86.12693563160163,9.450007893815272,1,1,-1
571.2952158693116,81594.55591879084,286.5043453561263,467.7934505891935,113.79023994006808,8.994810547478588,1,1,-1
571.3952325387564,81623.12794200488,286.0956644858875,463.64456729016894,0.1297664508538218,9.358148376368586,1,1,-1
571.4952492082014,81651.70496688604,286.1422045895849,465.1971325851045,35.367405639053,8.368191928303043,1,1,-1
571.5952658776463,81680.28699343429,285.3718773341716,454.00286524959074,73.11448164839827,9.42719893395908,1,1,-1
571.6952825470912,81708.87402164961,286.29813699732364,464.30479694578594,109.65327258640772,9.9920393403639,1,1,-1
571.7952992165361,81737.46605153203,285.63589131804696,458.8646544153673,44.30293087990067,8.656578313963902,1,1,-1
571.8953158859811,81766.06308308152,286.50359939463635,458.3975400597097,47.400823349153306,9.656891738954114,1,1,-1
571.9953325554259,81794.66511629806,284.0927218237023,471.4400491778724,85.83892772731805,8.978882138153894,1,1,-1
572.0953492248708,81823.27215118172,285.6138011494562,461.74068368217536,-4.852804850117764,9.769012467781296,1,1,-1
572.1953658943157,81851.88418773246,287.81983804496605,457.8830274345541,131.76982101132916,9.562762599611776,1,1,-1
572.2953825637607,81880.50122595028,285.38062382648,461.1938801158317,7.401678784502287,9.557521512794064,1,1,-1
572.3953992332056,81909.1232658352,285.5938613191096,456.577288778711,-44.61206493795942,9.399099709276532,1,1,-1
572.4954159026505,81937.75030738719,285.79974661287525,470.3389639312464,51.77971232034616,10.041920103117508,1,1,-1
572.5954325720953,81966.38235060623,285.082910150159,459.78113953637694,136.1582854950219,9.512697278338557,1,1,-1
572.6954492415402,81995.0193954924,284.13944384454186,465.9960445938724,80.51702817650954,8.93428120709915,1,1,-1
572.7954659109852,82023.66144204565,286.167146556969,470.2200801621502,88.70795286891988,9.446725407165724,1,1,-1
572.8954825804301,82052.30849026598,286.5836007142967,461.02878485196936,53.181800642112805,9.234950413949054,1,1,-1
572.995499249875,82080.96054015338,286.44524455639885,466.2796620863514,43.4527571941336,9.493299077580074,1,1,-1
573.09551591932,82109.61759170788,286.40287939771207,458.5591213174099,-26.21468419428369,9.199976550705,1,1,-1
573.1955325887648,82138.27964492943,286.6408071652328,476.02840110444487,-61.97934371156458,9.08399330351358,1,1,-1
573.2955492582097,82166.94669981809,287.6706161006556,468.5714555989041,60.76280364842309,9.575450309225586,1,1,-1
573.3955659276546,82195.61875637383,286.5073367778981,463.0165243989614,116.53589660447956,9.443269453235954,1,1,-1
573.4955825970995,82224.29581459665,286.1737087214625,460.2053896052652,68.07440488222437,9.929694555299438,1,1,-1
573.5955992665445,82252.97787448656,286.51667414838414,463.5895771624564,82.00701131297143,9.208388837902437,1,1,-1
573.6956159359894,82281.66493604355,287.4271547277515,462.5496429818414,129.9722601020473,8.472884341649534,1,1,-1
573.7956326054342,82310.3569992676,288.3098431812604,474.10428603054095,67.18410576594673,9.326333403293903,1,1,-1
573.8956492748791,82339.05406415877,286.3196808982704,458.3018913164135,44.57242104045494,8.592244775756818,1,1,-1
573.9956659443241,82367.75613071701,287.0967667591909,465.1935737108834,9.738381097408984,9.65405582765232,1,1,-1
574.095682613769,82396.46319894235,287.38619874882045,464.5178779282083,151.7347272887634,8.624251355305955,1,1,-1
574.1956992832139,82425.17526883476,286.10527163487814,464.112518426597,76.91099826831771,8.899891240420214,1,1,-1
574.2957159526588,82453.89234039425,287.1682751435424,464.2464883205742,3.363066069447285,9.268763946475785,1,1,-1
574.3957326221037,82482.6144136208,285.73219245370973,464.299219211608,-8.05565661146369,10.146104371501366,1,1,-1
574.4957492915486,82511.34148851446,285.4788243420349,469.3349052608154,113.11552037075154,8.82403597782872,1,1,-1
574.5957659609935,82540.0735650752,287.664629388389,468.10449882856153,-1.45011124373913,9.481710183207122,1,1,-1
574.6957826304384,82568.81064330303,286.96401657388844,467.2441363199078,143.07335328498365,9.729300617052589,1,1,-1
574.7957992998834,82597.55272319795,287.6001800575629,450.069633119262,-87.48179035646199,10.214235262108517,1,1,-1
574.8958159693283,82626.29980475994,287.4300130076558,466.8285559677487,121.43084570498095,9.852355880039852,1,1,-1
574.9958326387731,82655.05188798899,286.5215162707228,457.1413864630269,74.60559489441918,9.963075419471773,1,1,-1
575.095849308218,82683.80897288515,287.50267035214466,468.74118574650095,56.15037618767693,9.899351233607662,1,1,-1
575.195865977663,82712.5710594484,286.36483168381665,472.9720734356189,41.40756613319471,8.80328827943573,1,1,-1
575.2958826471079,82741.33814767873,289.03891368155536,461.05839270176807,144.67684529165578,9.724465493080986,1,1,-1
575.3958993165528,82770.11023757614,286.34197931341646,464.47068631994176,85.45319285921272,9.830971105034402,1,1,-1
575.4959159859977,82798.88732914063,287.55217272203026,462.8728130733348,4.899998646430639,8.991491149594744,1,1,-1
575.5959326554425,82827.66942237219,286.755694739674,472.1367521443283,-35.92535750899165,9.13854636507154,1,1,-1
575.6959493248875,82856.45651727085,288.4183958358045,466.5247343588492,58.84499417463213,9.112130096325515,1,1,-1
575.7959659943324,82885.2486138366,287.5665516258847,474.7812435022649,49.88660206316254,9.856791017385827,1,1,-1
575.8959826637773,82914.04571206942,287.42932461226746,468.2983692811146,-26.09318593361578,9.428782483633038,1,1,-1
575.9959993332222,82942.84781196935,288.85120121166267,467.53185083650135,47.090628802957234,9.374905609944948,1,1,-1
576.0960160026672,82971.65491353633,288.07743859301115,466.75063551328094,21.12369448651484,8.855697002494738,1,1,-1
576.1960326721121,83000.46701677042,288.61466078199203,470.5895637634979,50.24508251441585,9.489856276361296,1,1,-1
576.2960493415569,83029.28412167155,287.166698734261,457.90117394292895,86.03694451055237,9.166055253369134,1,1,-1
576.3960660110018,83058.10622823979,286.7932160615734,467.1063263787028,124.3314779750898,9.552060954406668,1,1,-1
576.4960826804468,83086.93333647512,288.3552493022636,466.4193760494049,95.10568091334297,8.939069891193006,1,1,-1
576.5960993498917,83115.76544637754,287.9792033194512,470.486704070778,13.549471890144169,9.580502451098218,1,1,-1
576.6961160193366,83144.60255794704,288.9744926821223,466.01110357256346,68.02757787824635,9.321960873947974,1,1,-1
576.7961326887815,83173.44467118362,288.3181578917282,461.8459410980648,52.697521309467525,8.884038914470878,1,1,-1
576.8961493582264,83202.29178608725,288.6531500183478,467.1663683104212,-17.1039069810399,8.861832523421493,1,1,-1
576.9961660276713,83231.143902658,286.8747004838944,461.8054139584254,69.3745871929485,8.846141755867896,1,1,-1
577.0961826971162,83260.00102089583,290.4365282881724,457.6833072067743,142.2570037288934,9.509089314383491,1,1,-1
577.1961993665611,83288.86314080075,288.4338576982485,471.0352323440836,51.00518755854632,9.575000019852329,1,1,-1
577.2962160360061,83317.73026237274,289.34569498834225,470.384929467074,-30.364774504677264,9.694613002976215,1,1,-1
577.396232705451,83346.60238561183,287.8620246825059,469.91507799051294,50.81832676034155,9.639365574637363,1,1,-1
577.4962493748958,83375.47951051797,289.05613458966525,474.1842670472186,-11.420151454779692,9.166207784035018,1,1,-1
577.5962660443407,83404.3616370912,287.49528825864564,464.4344671529144,92.4063306675771,9.996019566554624,1,1,-1
577.6962827137856,83433.24876533153,289.3002091951525,460.6940575575223,75.4299332540803,9.336360335863452,1,1,-1
577.7962993832306,83462.14089523896,288.54217560722947,467.5894810542828,40.60184082862287,9.745004890721283,1,1,-1
577.8963160526755,83491.03802681345,288.97734853027333,466.29213010673806,32.54982150889404,9.45949977473606,1,1,-1
577.9963327221204,83519.94016005503,289.6961403911903,463.9081546883617,38.4570424598558,9.764583794332776,1,1,-1
578.0963493915652,83548.84729496366,287.8156343845623,467.8103891717176,49.44323641117434,9.37606045254093,1,1,-1
578.1963660610102,83577.75943153942,288.41369129989226,465.2416108750781,10.378546169757762,9.710307489649631,1,1,-1
578.2963827304551,83606.67656978226,289.6055156463143,459.2096118562614,-20.436539906214637,9.568679980305332,1,1,-1
578.3963993999,83635.59870969216,291.29642117449674,466.2737564860212,105.84690972477216,10.059506194417237,1,1,-1
578.496416069345,83664.52585126917,289.110125700011,462.8877657734152,29.602793125469205,9.138789139040234,1,1,-1
578.5964327387899,83693.45799451324,289.8893524873189,469.8178836319336,57.18590800810098,8.701168227972628,1,1,-1
578.6964494082347,83722.39513942438,289.24125323425886,465.4694711496202,63.05879247136914,9.067902300038964,1,1,-1
578.7964660776796,83751.33728600263,291.3404786335961,474.3978039784732,64.85669224812426,10.189082010835524,1,1,-1
578.8964827471245,83780.28443424797,287.70101970659704,476.9489786110518,-9.97422702315533,9.40009068510977,1,1,-1
578.9964994165695,83809.23658416038,289.59287075295407,472.41655680671647,-35.114299640356435,9.617790912131392,1,1,-1
579.0965160860144,83838.19373573989,287.92271400944514,461.3545206986848,19.20414927222876,8.961859997154443,1,1,-1
579.1965327554593,83867.15588898647,287.09169480719294,476.7256332699411,68.3854501864653,9.47873321181136,1,1,-1
579.2965494249041,83896.1230439001,289.9457367655699,477.1682571943592,12.163509364982588,9.077423807403536,1,1,-1
579.396566094349,83925.09520048085,289.837780843322,469.4736091659746,30.77609531622281,9.145735054564554,1,1,-1
579.496582763794,83954.07235872868,289.4634544441548,476.08428907805705,154.84822501568914,9.36421465468529,1,1,-1
579.5965994332389,83983.05451864359,289.6921056265797,466.80128425309056,-43.826617545295726,9.79912620547465,1,1,-1
579.6966161026838,84012.0416802256,292.94660748541315,460.3184319360205,10.654130280994636,10.002930736097266,1,1,-1
579.7966327721288,84041.03384347468,289.64014124803293,465.9382410841049,143.19731787686652,9.863578851477024,1,1,-1
579.8966494415736,84070.03100839081,290.45844908203685,478.4761692743812,46.09849618533537,8.819286805191263,1,1,-1
579.9966661110185,84099.03317497407,289.34896823589537,462.4642669930445,12.990517787586732,9.556529165921662,1,1,-1
580.0966827804634,84128.0403432244,290.3435739652723,470.0072746877038,106.68959910628672,9.509480387987669,1,1,-1
580.1966994499084,84157.05251314183,289.8601160498986,470.2703894116919,50.974083164020605,8.818612549255727,1,1,-1
580.2967161193533,84186.06968472632,289.7378395769469,467.6248003920963,30.758580538327905,9.58678530066203,1,1,-1
580.3967327887982,84215.09185797791,292.0172649265994,468.0620652796943,57.75391643460844,9.560355947345426,1,1,-1
580.496749458243,84244.11903289655,291.42555969230585,470.7309206170053,15.19153022277326,9.91431146490993,1,1,-1
580.5967661276879,84273.1512094823,290.4351297112432,467.6488649030952,-2.816051050987582,9.65284600400463,1,1,-1
580.6967827971329,84302.18838773512,288.0441794626225,463.43938579387367,42.34021788088173,9.220186176909916,1,1,-1
580.7967994665778,84331.23056765505,290.03739051003635,471.7148396613751,-2.568190828888796,10.056117344614076,1,1,-1
580.8968161360227,84360.27774924204,293.15143563241645,476.0965145258272,48.47794639552888,8.625356956751034,1,1,-1
580.9968328054676,84389.32993249613,290.2677547360941,475.1675458738139,65.62526350414691,9.572126698991822,1,1,-1
581.0968494749125,84418.38711741727,291.6516423095099,466.8610076105422,90.51964292711804,8.787305722827634,1,1,-1
581.1968661443574,84447.44930400552,292.0403754741313,464.7435470375474,104.224585039339,9.2305182630399,1,1,-1
581.2968828138023,84476.51649226085,290.8674053227571,469.6687488706064,27.503256941187598,9.89501639803032,1,1,-1
581.3968994832472,84505.58868218327,289.8566281097555,479.0186474973031,72.7225892749081,8.947436707811983,1,1,-1
581.4969161526922,84534.66587377277,288.3131457445632,474.4976820100669,72.33983861480783,8.796576160128083,1,1,-1
581.5969328221371,84563.74806702936,291.4826296196775,474.8795166661849,64.06644006875412,10.852148761328747,1,1,-1
581.6969494915819,84592.83526195299,290.0337187429674,475.8989797080857,23.66440222639464,8.91341530565682,1,1,-1
581.7969661610268,84621.92745854375,291.0746335324011,473.6435294286956,-3.804118855240013,10.467551282737952,1,1,-1
581.8969828304718,84651.02465680159,289.69867107564653,472.23274102111503,72.6612956890341,9.490794770262932,1,1,-1
581.9969994999167,84680.1268567265,290.73326220948815,475.0312344332315,-37.81996695688646,9.3638962295654,1,1,-1
582.0970161693616,84709.23405831851,291.08222713958185,469.0788710958461,34.093179866375976,9.92603764751231,1,1,-1
582.1970328388065,84738.3462615776,291.36711000044755,464.8273882270491,-80.23437854498161,10.324149761504568,1,1,-1
582.2970495082513,84767.46346650373,290.0337025667733,475.60468962394674,-19.41089781149161,9.02002508362416,1,1,-1
582.3970661776963,84796.58567309698,292.3954440376095,478.2683971465158,3.5146079050446204,9.44745533289269,1,1,-1
582.4970828471412,84825.71288135732,290.65164663883866,466.578548587934,102.16962700761944,10.045901133535653,1,1,-1
582.5970995165861,84854.84509128473,289.62408029783984,476.36931736373816,81.70095994859665,9.717273578765182,1,1,-1
582.697116186031,84883.98230287925,291.23953467305205,480.753540185544,19.560996917750515,10.200910789299009,1,1,-1
582.797132855476,84913.12451614083,291.43294173676446,472.428482276762,83.68842350286329,9.916444751067122,1,1,-1
582.8971495249208,84942.27173106947,291.60916419563216,468.43970402878335,91.56331478274406,10.57109792193489,1,1,-1
582.9971661943657,84971.42394766521,292.8607155008679,473.2348099870704,39.11118726899287,9.812523227472733,1,1,-1
583.0971828638106,85000.58116592806,291.31214259516946,469.9570484453776,-22.11218426645425,9.764218638553452,1,1,-1
583.1971995332556,85029.74338585798,291.478980142259,469.71606940354354,36.67343085578211,9.82186906149135,1,1,-1
583.2972162027005,85058.91060745498,290.5454237201171,475.05564195662777,42.13677964957375,9.546204352186743,1,1,-1
583.3972328721454,85088.08283071907,292.5191699389606,464.961075912065,-14.628935974104564,10.132144912645431,1,1,-1
583.4972495415902,85117.2600556502,291.9329338348732,465.8500803416979,65.30853695918228,9.800269270069316,1,1,-1
583.5972662110352,85146.44228224846,291.3786053782234,473.2561810229733,60.90923383506646,10.050473313949029,1,1,-1
583.6972828804801,85175.6295105138,289.9439667467746,473.1381855934858,69.13324995986659,10.060994854308897,1,1,-1
583.797299549925,85204.82174044622,293.3430619700176,475.0575028401922,60.78977368265696,9.958535215230452,1,1,-1
583.8973162193699,85234.01897204573,290.7209781452289,482.805858564354,83.29830442907492,9.876590898937764,1,1,-1
583.9973328888149,85263.22120531231,291.4073884350377,474.0423034692606,37.802315094642296,9.152546126069865,1,1,-1
584.0973495582597,85292.42844024595,292.4070192902058,476.6005957074999,56.820565613769645,9.427920888822255,1,1,-1
584.1973662277046,85321.6406768467,290.9021251852356,468.8220719446973,26.80691970788545,10.055927485901028,1,1,-1
584.2973828971495,85350.85791511454,290.6551816703216,477.62942660729766,17.43162670808777,10.33444856714314,1,1,-1
584.3973995665945,85380.08015504947,290.0747522005965,471.247785631106,113.53175246648578,8.62481375491239,1,1,-1
584.4974162360394,85409.30739665146,292.96970507092533,474.32684578650935,-55.6064508624632,9.444089529761788,1,1,-1
584.5974329054843,85438.53963992056,291.75353020801583,473.5155001652026,90.38272677946594,9.685397056259813,1,1,-1
584.6974495749291,85467.77688485669,295.2759948799379,479.3146161320631,15.480456455919937,9.385750867848,1,1,-1
584.797466244374,85497.01913145995,291.40437805655614,467.6898638525624,8.96839402722292,9.246312388850669,1,1,-1
584.897482913819,85526.2663797303,291.5272904334806,462.9135551183067,59.51200954473693,9.90068931120791,1,1,-1
584.9974995832639,85555.51862966771,291.93335682134654,473.3525864728868,-28.08448311687959,10.472455832618744,1,1,-1
585.0975162527088,85584.77588127222,292.7918927814929,476.8524079097965,5.557735765904695,8.70428230521114,1,1,-1
585.1975329221538,85614.0381345438,292.12856312229155,475.3611001712529,3.864828579692684,9.60535880029033,1,1,-1
585.2975495915986,85643.30538948244,293.2611070098018,480.85077614622935,35.21484919406005,9.972390155807224,1,1,-1
585.3975662610435,85672.5776460882,291.7201947405331,476.9666199970027,6.040858525378695,10.06217215280782,1,1,-1
585.4975829304884,85701.85490436104,291.3671997467806,472.0505166337496,126.26668765390062,9.815420538354994,1,1,-1
585.5975995999333,85731.13716430096,291.0005850605576,463.332659189295,136.02461922010343,10.51953958149714,1,1,-1
585.6976162693783,85760.42442590797,290.6252339667519,473.86320045596176,-54.96281315784669,9.635673408315167,1,1,-1
585.7976329388232,85789.71668918205,292.38074744993656,480.2795583051713,73.31609733963293,10.35791935839256,1,1,-1
585.897649608268,85819.0139541232,292.6478444917408,473.2695260474912,88.99626269082897,9.390636272932154,1,1,-1
585.9976662777129,85848.31622073146,292.3673961113733,475.4613679461602,73.17550898231846,9.730317068032337,1,1,-1
586.0976829471579,85877.6234890068,294.2922472707661,477.5165695662493,13.08376180061368,9.178448121359915,1,1,-1
586.1976996166028,85906.93575894921,294.3268800179095,470.4233080904112,33.74787538276097,10.236690713933443,1,1,-1
586.2977162860477,85936.25303055873,292.8140551555793,478.70595111179887,8.502167206798397,9.660950676922363,1,1,-1
586.3977329554926,85965.57530383531,291.40494536455435,483.8653822455578,24.86597423871225,9.83650890181586,1,1,-1
586.4977496249375,85994.90257877896,292.6821697044137,474.90570820302673,-14.65577041327051,9.558657337374596,1,1,-1
586.5977662943824,86024.23485538972,292.6990617532741,470.2144545202767,40.06637451076697,10.009304064926974,1,1,-1
586.6977829638273,86053.57213366755,292.6917565196356,475.6167731612728,-29.370906074854936,9.91448329699572,1,1,-1
586.7977996332722,86082.91441361248,292.70118091273787,464.9178594202829,35.72584497893871,9.218857929420722,1,1,-1
586.8978163027172,86112.26169522449,292.7954452556337,477.8142979501548,-16.73308928608879,9.251967184983236,1,1,-1
586.9978329721621,86141.61397850358,293.11237487018326,478.48115518545904,56.00026499221286,9.720384032527472,1,1,-1
587.097849641607,86170.97126344976,292.91338372198794,484.6879664333885,11.651949821032067,10.055333809167308,1,1,-1
587.1978663110518,86200.33355006298,293.8072556641515,475.42981266827206,60.11545543584816,10.695724345612415,1,1,-1
587.2978829804968,86229.70083834331,294.00931020615326,478.532214988782,99.62901381935448,9.92436635456184,1,1,-1
587.3978996499417,86259.07312829074,292.78830473778834,472.2733494530647,124.98589272705172,10.223801378216278,1,1,-1
587.4979163193866,86288.45041990525,295.02002348570034,474.8876560293133,-80.92308587012432,9.008540257649852,1,1,-1
587.5979329888315,86317.83271318684,292.81890419257513,469.1338661155722,3.731065661372583,10.727863927028254,1,1,-1
587.6979496582765,86347.22000813551,292.2311742153229,475.87584685941147,30.250122365413592,9.998059343870633,1,1,-1
587.7979663277213,86376.61230475124,294.2797612352257,475.4132508651793,68.38450207456407,9.7594791878102,1,1,-1
587.8979829971662,86406.00960303408,293.1315833641688,478.5257971301611,-37.18590007248731,9.652759250080855,1,1,-1
587.9979996666111,86435.41190298401,294.32029130406295,474.0018155649979,-3.8090522029795366,9.232382335049206,1,1,-1
588.098016336056,86464.81920460101,291.6453395669275,477.6265283884811,-171.3931088352821,9.257999319364757,1,1,-1
588.198033005501,86494.23150788511,295.4914724442336,475.6329030225118,49.46755319024699,10.789304305024285,1,1,-1
588.2980496749459,86523.64881283628,294.82131824551334,475.732308025997,64.06789136363983,9.312306148684318,1,1,-1
588.3980663443907,86553.0711194545,292.69855662303235,477.8816182642542,67.33461624506789,9.211933568496924,1,1,-1
588.4980830138356,86582.49842773985,292.77026438307155,477.7724230129686,62.04443932064933,9.368128701806452,1,1,-1
588.5980996832806,86611.93073769227,295.9713157457378,481.4656801635863,54.761400143672695,9.254118434669358,1,1,-1
588.6981163527255,86641.36804931179,293.6116782728648,477.14659646462337,47.82956848560499,9.763554534619702,1,1,-1
588.7981330221704,86670.81036259838,293.5648816623526,476.090386556602,78.24470864955737,10.2983442864909,1,1,-1
588.8981496916153,86700.25767755204,292.1830227516584,477.0257777437254,-66.9955760070194,9.387804244966116,1,1,-1
588.9981663610602,86729.70999417278,294.1483049749285,474.4464960519011,122.15126361836062,9.092086400811056,1,1,-1
589.0981830305051,86759.16731246062,294.3213719004168,476.3102628352172,-65.32545255788321,9.931958203408236,1,1,-1
589.19819969995,86788.62963241554,295.3145929467445,488.3556135353612,-9.095351398039227,9.799064115459394,1,1,-1
589.2982163693949,86818.09695403755,293.250029756513,473.72642783346015,33.48881779745842,10.241630623137054,1,1,-1
589.3982330388399,86847.56927732665,293.17882972717933,476.9865416344874,78.42164906599393,9.509914215373644,1,1,-1
589.4982497082848,86877.04660228282,295.2000874889189,476.5323816544801,-105.00816447114065,9.692229096980569,1,1,-1
589.5982663777296,86906.52892890605,295.8058632600919,477.32396857655095,43.31316808195379,9.77188889805704,1,1,-1
589.6982830471745,86936.01625719639,293.2779891724694,476.9936317603255,84.30336908998751,9.78598573317988,1,1,-1
589.7982997166195,86965.50858715382,295.9806639446095,480.13603047776695,94.3737843678313,9.657297100390286,1,1,-1
589.8983163860644,86995.00591877833,294.986700034519,470.27895613164753,9.745685672912243,9.536279721048134,1,1,-1
589.9983330555093,87024.50825206992,296.0909718668293,484.105690668211,29.53472284272038,8.932734910283429,1,1,-1
590.0983497249542,87054.0155870286,294.9789545009595,482.1727489707064,13.73342787699275,9.530590906254377,1,1,-1
590.198366394399,87083.52792365433,292.5769052797116,472.8854787091242,24.87147729211201,10.06828186313785,1,1,-1
590.298383063844,87113.04526194716,294.9972241496059,467.8444519416224,-7.12171342838073,10.23915547047055,1,1,-1
590.3983997332889,87142.5676019071,296.25934368531574,474.39447924262186,-0.028561405836335,9.628965499730446,1,1,-1
590.4984164027338,87172.0949435341,294.3554621822832,478.15650933313776,66.11735387606956,10.437199185663896,1,1,-1
590.5984330721788,87201.6272868282,294.9112515671819,492.36130280067175,50.94376591975039,9.796155533390754,1,1,-1
590.6984497416237,87231.16463178938,295.17309136726084,482.26612979903376,68.90684051888535,9.15228663989614,1,1,-1
590.7984664110685,87260.7069784176,292.4997193256657,470.6018983951996,54.99278088672203,8.881042792160033,1,1,-1
590.8984830805134,87290.25432671295,297.1205891156942,476.2815707835466,79.4735660777506,10.506735496301626,1,1,-1
590.9984997499583,87319.80667667538,294.597874195082,479.5537877936309,88.13193888050351,9.611064136932873,1,1,-1
591.0985164194033,87349.36402830489,296.05499364217445,481.1782694134308,-42.89996075713778,9.24947605208835,1,1,-1
591.1985330888482,87378.92638160149,295.51256540827586,473.4261090073328,1.4350472672500771,8.705296181676829,1,1,-1
591.2985497582931,87408.49373656516,296.90689393550593,479.414903835944,32.54641973102874,9.691643780131152,1,1,-1
591.3985664277379,87438.06609319588,296.10533933629705,476.59166095472114,42.94605739188054,10.06086387973781,1,1,-1
591.4985830971829,87467.64345149373,295.51436727707045,474.7510654967067,10.540149256627892,9.486161086306174,1,1,-1
591.5985997666278,87497.22581145866,294.9057847907946,481.6578382101576,89.61063397622078,9.283660465962852,1,1,-1
591.6986164360727,87526.81317309068,296.6471589194185,484.3192475108215,142.97166949605213,9.60487025691802,1,1,-1
591.7986331055176,87556.40553638976,294.0258752488042,484.7450696953599,53.24717766823136,10.395168892612803,1,1,-1
591.8986497749626,87586.00290135595,296.5952153077572,483.5017967331656,48.12098843706631,9.18106652182667,1,1,-1
591.9986664444074,87615.60526798917,294.90028847064883,478.2330189787394,86.341634628273,9.489206749830956,1,1,-1
592.0986831138523,87645.21263628952,297.3016252188828,484.38261711870274,-49.45825275580616,10.509797353978335,1,1,-1
592.1986997832972,87674.82500625696,296.2606494343113,482.44514216885113,45.22212322054079,10.111661160788106,1,1,-1
592.2987164527422,87704.44237789146,296.7934819942212,481.6595810600343,92.71543670675103,9.974736396795311,1,1,-1
592.3987331221871,87734.06475119306,296.28135537491823,478.02140770370977,11.570942826147707,9.54115841239101,1,1,-1
592.498749791632,87763.69212616174,294.496997800675,478.6854943424556,-17.63436106040296,9.808621810529733,1,1,-1
592.5987664610768,87793.32450279746,295.4386540671431,481.6293113267304,34.36844065147106,9.563046155549737,1,1,-1
592.6987831305217,87822.96188110032,297.02178090287225,493.5492506479797,40.5895306690278,9.464174610564235,1,1,-1
592.7987997999667,87852.60426107024,296.5660557173432,482.9460923804536,-1.8437026654415192,9.33640361785314,1,1,-1
592.8988164694116,87882.25164270726,297.6303981400115,478.47393913568976,148.36211224029262,10.308709944399872,1,1,-1
592.9988331388565,87911.90402601135,296.9026911324654,477.4579360890384,19.584394278647803,9.859138679745788,1,1,-1
593.0988498083015,87941.56141098253,295.58272301344806,479.2510519175492,-14.198561489398903,9.995006192053376,1,1,-1
593.1988664777463,87971.22379762075,295.8033691011525,492.68635388552,38.76856072058381,9.92239154971551,1,1,-1
593.2988831471912,88000.89118592611,296.75235896411886,479.89360508498936,88.80790696855786,10.104057293178895,1,1,-1
593.3988998166361,88030.56357589853,294.38540584231794,486.5142426547151,44.25086373724948,9.66135025396909,1,1,-1
593.498916486081,88060.24096753805,298.4229001286635,480.1902504212513,67.62515126609773,9.704668522360024,1,1,-1
593.598933155526,88089.92336084465,297.24121331414057,483.46581602195073,-0.2647427258583548,9.49451069085426,1,1,-1
593.6989498249709,88119.61075581833,298.07650950953433,486.2086213525407,117.66056876602414,9.226027550359074,1,1,-1
593.7989664944157,88149.30315245906,295.3188793063987,479.48038240039193,71.32708500278942,9.266108156382533,1,1,-1
593.8989831638606,88179.0005507669,298.1940567422856,479.2243400456222,95.59202689557662,9.754560698919413,1,1,-1
593.9989998333056,88208.70295074183,299.23099882768054,490.8142484556072,61.430422581951774,9.172386078093943,1,1,-1
594.0990165027505,88238.41035238384,295.7286298959979,487.5328661247541,84.38206299067377,9.152437398848466,1,1,-1
594.1990331721954,88268.12275569295,297.87091838100145,486.6532649106732,-0.5492691161479115,10.446584917351055,1,1,-1
594.2990498416403,88297.84016066913,297.15063486550747,486.7262864497786,18.498363392063048,10.01083026428484,1,1,-1
594.3990665110852,88327.56256731236,295.6550994072944,485.17778409266384,110.35846693644814,9.614727369429149,1,1,-1
594.4990831805301,88357.28997562271,297.7424255621169,493.0587873839284,120.98711500617448,11.05658374667744,1,1,-1
594.599099849975,88387.02238560014,298.13315312982485,483.27945149438335,-14.387654331459522,9.110941475301868,1,1,-1
594.6991165194199,88416.75979724465,296.7484317070411,486.0362234879466,55.41806456737315,10.371253008478057,1,1,-1
594.7991331888649,88446.50221055625,298.56548311468765,475.9853486759164,21.34973415477896,9.894849858739285,1,1,-1
594.8991498583098,88476.24962553493,295.7828115223657,479.2051115528748,8.011041178841609,10.238261110452784,1,1,-1
594.9991665277546,88506.00204218065,296.0048271174277,477.4158216536003,57.07031732412274,9.909008312630172,1,1,-1
595.0991831971995,88535.75946049351,297.6861889941885,489.8802362373007,99.84222450315946,8.98260096748026,1,1,-1
595.1991998666444,88565.52188047345,297.6249852112945,470.8372192265607,65.34297427498055,9.964192131487026,1,1,-1
595.2992165360894,88595.28930212045,296.9330347796206,481.6783715398453,26.75002821613114,10.058274899197578,1,1,-1
595.3992332055343,88625.06172543456,298.509211038739,468.8113903072504,68.43453716368793,8.852586873070116,1,1,-1
595.4992498749792,88654.83915041573,298.2805192517056,479.7134855100885,24.65852427438919,10.912411771627196,1,1,-1
595.599266544424,88684.62157706397,298.65777234314606,481.5051819057831,63.22893008626575,10.109461790457749,1,1,-1
595.699283213869,88714.40900537932,297.72650517158223,490.9742837903572,112.412409456778,10.256204011824511,1,1,-1
595.7992998833139,88744.20143536176,298.5022302096353,486.1230696844387,-61.30292188066534,9.365565958921692,1,1,-1
595.8993165527588,88773.99886701127,297.5040079733494,480.06422403863104,82.38363990608369,10.25728352708444,1,1,-1
595.9993332222037,88803.80130032786,300.05348530118846,489.6497519208796,-34.46572998220461,10.546532837852023,1,1,-1
596.0993498916487,88833.60873531154,297.2371291757024,484.4990962618136,103.86941994153662,10.028781467105958,1,1,-1
596.1993665610935,88863.42117196228,300.20498071000503,484.6877709496456,10.567799417667684,10.002114062845427,1,1,-1
596.2993832305384,88893.23861028012,298.18457956235864,478.5765807841939,-18.498416314752117,9.490133027838851,1,1,-1
596.3993998999833,88923.06105026507,296.8241890604229,479.72987142048265,77.11471370981437,9.778243148105751,1,1,-1
596.4994165694283,88952.88849191708,299.6177876352027,480.6444551572152,60.525882416142565,9.731130846851643,1,1,-1
596.5994332388732,88982.72093523618,298.4256180078316,485.0922496896583,-7.675811893261695,10.231592300222015,1,1,-1
596.6994499083181,89012.55838022236,299.2008490525393,485.3393736257352,-20.400273537313826,9.547926074784652,1,1,-1
596.7994665777629,89042.40082687559,299.62358920742406,492.76040997539656,32.84184806166056,10.269667782356848,1,1,-1
596.8994832472079,89072.24827519595,298.7876971777489,487.05522416440994,-18.022189930016253,9.538953643997129,1,1,-1
596.9994999166528,89102.10072518338,297.9075091135136,471.6821215233047,-10.925228919735504,9.795677749747664,1,1,-1
597.0995165860977,89131.9581768379,299.5254716707181,486.62316159796825,47.89574837940383,10.292028947701167,1,1,-1
597.1995332555426,89161.82063015949,298.6005221352259,478.14987154471663,-6.212556760134575,9.599929524156284,1,1,-1
597.2995499249876,89191.68808514817,299.3356327811022,480.66010036944107,63.37433248907245,10.302778609011025,1,1,-1
597.3995665944324,89221.5605418039,296.54605272342474,481.5191093008116,116.5209177363335,10.152156980251178,1,1,-1
597.4995832638773,89251.43800012676,299.1967733489485,482.3532667088263,34.552364049303776,9.8372477623626,1,1,-1
597.5995999333222,89281.3204601167,298.1612141415161,478.8842130331307,48.45411162203106,10.516973765517406,1,1,-1
597.6996166027672,89311.2079217737,300.5031179385621,486.8673716775382,142.81784574769483,10.0554646832662,1,1,-1
597.7996332722121,89341.10038509782,299.52290398399515,478.8859519017664,-17.500569346507277,10.535057518541816,1,1,-1
597.899649941657,89370.997850089,299.1896827166778,487.8133030304149,101.40775050964608,10.869210305272045,1,1,-1
597.9996666111019,89400.90031674727,299.4861432989012,497.3048220464184,95.35540166484692,9.86201499985768,1,1,-1
598.0996832805467,89430.80778507258,298.05140078739663,479.5631730333844,84.4949465154634,10.25457745336624,1,1,-1
598.1996999499917,89460.72025506501,300.7231066655239,484.8774184733031,106.33305662848464,9.704910114044528,1,1,-1
598.2997166194366,89490.63772672453,301.1412287281352,473.7726848493813,55.74102365099729,9.520612431783237,1,1,-1
598.3997332888815,89520.56020005113,299.592780154989,484.9752968640375,12.532438539074718,9.888566800039795,1,1,-1
598.4997499583264,89550.48767504482,300.8402785477369,489.7835607589901,96.3742425294379,9.346155999615632,1,1,-1
598.5997666277714,89580.42015170559,298.7307351152132,490.2631728195635,98.25437986548364,9.487634064821354,1,1,-1
598.6997832972162,89610.35763003341,298.5527780823831,487.1367969811421,96.84468230666592,10.245847305813705,1,1,-1
598.7997999666611,89640.30011002834,299.44082473205947,491.286297120461,43.77083591955164,9.72429249608046,1,1,-1
598.899816636106,89670.24759169036,299.88484935642094,499.6602543433246,5.702777292646843,10.351408333638776,1,1,-1
598.999833305551,89700.20007501946,299.1059299715324,495.5815067677431,51.04741342547861,10.1192810143768,1,1,-1
599.0998499749959,89730.15756001565,300.0876931778664,484.4973803504514,88.55762590047974,10.928494127298572,1,1,-1
599.1998666444408,89760.12004667892,299.90632280429384,479.9444667321104,92.6305653516416,10.25903921594641,1,1,-1
599.2998833138856,89790.08753500924,298.6516348816518,485.2592312485196,19.89604685461194,10.510749633952942,1,1,-1
599.3998999833306,89820.06002500666,300.218743009117,482.6450761702464,57.115401856346885,10.208196356370571,1,1,-1
599.4999166527755,89850.03751667119,300.61348656890925,489.7267294046007,-24.125227861935954,10.175851670119703,1,1,-1
599.5999333222204,89880.02001000279,299.9714359787006,481.65402563507456,90.52814927461598,10.581413749649592,1,1,-1
599.6999499916653,89910.00750500147,301.0026230990944,487.28588283621485,2.082189478454225,10.367031555162471,1,1,-1
599.7999666611103,89940.00000166724,298.6825795370582,491.9300669387926,80.47740489095332,10.059767902118828,1,1,-1
599.8999833305551,89969.99750000007,300.4179420874094,487.3265189689696,-16.283555973299862,10.116622081392164,1,1,-1
600.0,90000.0,298.8297192936032,483.188430886261,92.71953056680051,10.229039563568378,1,1,-1
